100 76 31 10 9 10
32 21 1
22 10 1
64 5 1
46 71 1
17 10 1
31 17 1
2 22 1
54 4 1
63 35 1
9 53 1
2 11 1
63 26 1
15 10 1
57 31 1
64 50 1
27 43 1
27 54 1
5 12 1
13 73 1
17 42 1
48 63 1
7 31 1
46 63 1
5 14 1
17 57 1
31 64 1
5 40 1
21 10 1
17 72 1
9 10 1
48 14 1
9 49 1
57 10 1
71 5 1
5 2 1
71 60 1
63 22 1
73 47 1
9 27 1
0 46 1
14 0 1
8 0 1
5 10 1
17 9 1
42 29 1
9 2 1
22 15 1
48 10 1
46 32 1
7 15 1
42 46 1
31 9 1
57 70 1
54 75 1
47 48 1
31 48 1
28 64 1
14 71 1
5 0 1
9 71 1
66 17 1
9 7 1
9 75 1
40 44 1
2 72 1
35 18 1
46 13 1
9 13 1
46 28 1
71 4 1
53 71 1
59 28 1
21 70 1
66 9 1
28 22 1
32 12 1
4 2 1
31 59 1
46 7 1
0 64 1
9 5 1
29 30 1
14 46 1
9 73 1
21 22 1
48 26 1
21 75 1
14 8 1
66 46 1
2 32 1
57 35 1
71 70 1
14 52 1
5 60 1
31 66 1
49 54 1
63 47 1
18 71 1
0 71 1
48 21 1
