100 62 30 51 30 51
48 32 10
61 44 2
46 23 6
37 54 9
10 24 8
44 52 7
46 61 10
8 42 3
13 11 8
30 58 8
30 15 3
30 51 2
4 47 1
6 28 5
8 28 7
11 25 2
19 3 6
46 37 9
23 36 5
9 56 7
58 26 5
11 32 9
25 12 9
24 9 4
52 15 1
44 34 1
25 37 4
41 60 10
40 27 2
44 19 9
13 10 6
19 1 3
60 26 1
3 25 4
44 27 7
4 32 9
58 25 8
34 24 6
34 37 3
19 20 1
8 3 5
24 23 4
44 61 8
60 30 10
49 48 3
24 8 9
32 54 1
22 33 9
22 16 2
61 51 2
11 1 10
25 31 1
4 58 5
37 11 7
21 11 4
46 40 9
41 38 1
17 49 7
21 18 9
25 14 5
10 48 1
18 55 5
23 6 4
25 39 9
28 24 8
8 19 10
42 47 6
25 42 5
25 60 4
32 12 1
4 13 4
19 6 7
25 40 10
25 17 8
11 61 9
28 46 7
8 11 8
33 44 5
42 51 8
15 41 10
58 32 5
27 33 9
0 41 1
32 22 7
19 44 2
6 4 2
17 40 4
32 29 3
30 8 10
32 52 5
40 52 7
28 21 7
18 44 9
30 51 5
24 25 8
25 24 9
13 3 9
54 47 6
24 60 4
15 0 4
