100 97 17 30 17 40
17 76 44
46 47 43
57 16 63
27 78 45
29 46 27
27 57 34
17 26 91
58 74 29
68 7 42
16 14 5
17 38 19
65 62 32
47 23 80
29 93 4
32 54 100
46 28 4
5 46 79
47 38 89
54 85 67
76 75 21
29 30 94
29 37 23
51 86 48
37 0 79
37 32 22
17 29 58
76 89 59
15 0 1
96 23 95
93 58 82
75 16 22
75 23 37
87 85 79
85 21 50
38 68 56
17 40 51
76 9 62
54 46 73
76 30 11
76 14 88
47 44 54
56 91 65
32 80 91
27 19 61
51 12 71
54 82 13
38 45 58
27 29 56
46 96 13
27 92 39
37 21 62
89 81 64
32 42 82
76 51 84
40 15 93
38 27 76
7 58 93
46 70 5
17 84 93
5 7 70
16 54 90
56 26 31
96 13 19
80 65 8
24 35 10
41 56 7
74 47 51
40 54 41
46 40 82
29 38 10
24 93 81
93 76 12
93 5 89
78 43 61
92 66 77
24 48 15
47 87 69
56 68 71
54 14 14
40 30 63
38 43 44
0 54 90
14 25 24
47 73 47
17 16 10
40 21 53
24 75 55
27 41 49
23 36 61
76 24 34
93 5 77
14 10 93
56 91 7
5 28 73
66 77 60
85 63 66
14 30 77
38 28 21
32 66 15
43 37 32
