100 61 16 14 16 7
54 0 4205
27 47 9043
41 22 226
19 28 1057
4 45 2986
40 20 7716
51 42 5535
57 14 6792
16 7 5470
26 12 1220
36 49 317
58 1 9814
8 27 4399
0 5 5173
16 7 2528
16 33 2644
47 20 855
45 40 586
4 54 1718
26 14 9969
10 36 6458
8 11 5031
46 8 177
16 46 6814
21 4 3097
33 30 4867
11 14 9325
54 56 6177
23 17 3902
56 49 9860
16 23 9429
17 14 5538
1 28 2805
22 54 5449
33 44 8797
44 26 4262
59 47 8121
28 29 5274
16 52 8189
20 12 7181
31 46 7083
49 1 3022
19 40 9181
16 45 4421
50 14 2597
52 44 210
22 51 7447
34 32 6264
57 14 8151
5 14 4876
42 24 1273
52 8 6373
32 52 2957
17 8 7500
44 31 5129
36 52 1504
8 14 3607
19 57 8198
31 36 5179
24 57 8553
51 14 4893
16 36 3285
54 29 8093
49 14 3600
20 23 2410
52 50 9654
47 4 5564
50 53 1793
16 47 8336
16 20 7372
16 8 5485
7 22 3613
45 49 2773
45 34 5966
17 24 440
29 36 5829
1 25 1999
20 26 4329
7 57 5110
2 58 9552
26 14 5101
51 31 6248
47 41 2111
12 32 4694
36 25 546
34 10 4465
40 31 8887
25 14 8496
16 21 3366
23 45 6251
36 15 7457
46 2 3179
28 14 7985
16 19 2868
16 51 5764
31 19 4017
15 59 7089
49 33 3880
25 14 6295
30 51 5621
