1000 261 256 77 256 77
92 28 1
131 169 1
184 201 1
146 254 1
118 198 1
30 170 1
227 161 1
110 146 1
65 211 1
201 136 1
148 82 1
94 257 1
192 210 1
247 176 1
27 169 1
246 62 1
89 234 1
149 106 1
124 152 1
60 115 1
3 228 1
118 4 1
242 225 1
146 216 1
175 103 1
258 119 1
175 248 1
184 57 1
5 50 1
113 215 1
221 37 1
219 227 1
66 52 1
206 111 1
246 158 1
31 113 1
59 180 1
11 165 1
236 39 1
50 109 1
81 51 1
189 21 1
101 4 1
146 101 1
200 227 1
57 88 1
35 46 1
207 61 1
32 17 1
189 206 1
128 260 1
252 238 1
31 64 1
129 39 1
259 148 1
171 34 1
259 170 1
238 253 1
250 258 1
151 144 1
257 212 1
201 68 1
249 174 1
11 67 1
149 60 1
101 34 1
173 137 1
174 33 1
238 204 1
127 29 1
96 229 1
93 127 1
12 77 1
251 74 1
251 63 1
229 32 1
227 211 1
123 27 1
256 221 1
110 42 1
236 11 1
51 200 1
40 50 1
205 236 1
21 216 1
60 20 1
48 20 1
89 141 1
32 9 1
45 236 1
54 201 1
222 229 1
165 52 1
149 52 1
259 140 1
134 15 1
62 43 1
199 162 1
256 77 1
205 198 1
260 244 1
203 223 1
226 22 1
187 201 1
204 97 1
7 11 1
256 251 1
195 171 1
125 23 1
61 237 1
50 25 1
148 153 1
233 12 1
186 245 1
186 5 1
234 142 1
232 59 1
215 174 1
89 199 1
1 60 1
92 61 1
36 234 1
184 128 1
15 66 1
154 6 1
246 73 1
3 211 1
250 132 1
188 116 1
59 77 1
7 30 1
7 175 1
84 77 1
26 9 1
144 32 1
157 148 1
52 90 1
21 64 1
69 25 1
217 170 1
149 101 1
9 209 1
161 92 1
70 38 1
118 10 1
156 80 1
163 1 1
204 253 1
22 75 1
75 118 1
222 240 1
66 58 1
16 3 1
83 222 1
26 17 1
19 40 1
64 120 1
260 81 1
3 174 1
171 241 1
55 49 1
14 184 1
191 205 1
27 49 1
102 192 1
227 58 1
29 15 1
46 56 1
11 149 1
50 104 1
75 225 1
183 58 1
11 32 1
45 103 1
155 142 1
169 226 1
86 115 1
14 135 1
153 75 1
14 146 1
240 253 1
167 210 1
33 25 1
162 209 1
60 80 1
260 256 1
210 175 1
26 205 1
184 33 1
186 112 1
65 149 1
112 50 1
222 49 1
145 247 1
256 109 1
8 139 1
33 249 1
249 24 1
188 89 1
62 125 1
87 79 1
88 120 1
256 148 1
120 181 1
180 42 1
16 248 1
35 71 1
117 141 1
238 93 1
129 159 1
64 81 1
227 50 1
7 82 1
45 152 1
87 158 1
256 71 1
33 55 1
155 145 1
66 146 1
19 139 1
117 92 1
254 211 1
92 238 1
47 119 1
169 123 1
248 169 1
64 65 1
64 54 1
172 35 1
7 33 1
26 118 1
140 71 1
242 105 1
68 7 1
243 62 1
60 72 1
15 137 1
256 178 1
174 36 1
148 80 1
135 226 1
19 101 1
35 246 1
171 146 1
234 47 1
64 122 1
175 205 1
207 166 1
64 5 1
226 151 1
71 177 1
173 258 1
138 28 1
47 160 1
227 110 1
69 230 1
207 234 1
137 86 1
26 137 1
251 195 1
44 259 1
182 252 1
58 260 1
197 172 1
44 8 1
242 124 1
61 49 1
161 95 1
182 157 1
11 16 1
169 16 1
211 11 1
221 112 1
192 93 1
75 189 1
52 17 1
35 25 1
124 169 1
197 229 1
44 232 1
49 165 1
252 111 1
249 65 1
212 14 1
11 209 1
95 110 1
134 138 1
60 200 1
175 197 1
75 140 1
7 227 1
44 49 1
238 0 1
177 232 1
45 68 1
58 173 1
169 57 1
49 127 1
186 221 1
17 46 1
148 45 1
142 79 1
102 157 1
174 260 1
62 128 1
104 134 1
248 85 1
58 135 1
55 44 1
149 194 1
186 77 1
30 207 1
5 242 1
71 16 1
231 98 1
209 249 1
161 117 1
174 233 1
127 84 1
184 27 1
7 151 1
169 221 1
251 129 1
122 203 1
13 173 1
97 1 1
186 145 1
243 26 1
5 59 1
47 65 1
31 65 1
90 52 1
25 196 1
18 169 1
174 184 1
165 116 1
96 112 1
44 58 1
171 149 1
103 80 1
14 92 1
153 32 1
227 217 1
71 35 1
153 177 1
255 55 1
88 210 1
82 179 1
15 102 1
184 96 1
25 197 1
74 32 1
35 200 1
226 77 1
242 233 1
226 88 1
26 140 1
232 57 1
90 177 1
207 237 1
229 11 1
246 52 1
1 69 1
72 191 1
246 186 1
114 197 1
55 161 1
139 67 1
31 209 1
73 215 1
158 63 1
234 80 1
175 238 1
4 97 1
73 109 1
128 242 1
165 42 1
157 107 1
19 259 1
7 162 1
116 114 1
17 98 1
200 26 1
155 247 1
212 6 1
35 241 1
47 87 1
26 170 1
260 223 1
102 198 1
86 53 1
22 256 1
128 182 1
137 13 1
80 145 1
238 243 1
58 187 1
229 80 1
138 12 1
254 80 1
75 211 1
110 90 1
31 133 1
225 94 1
89 33 1
251 201 1
7 47 1
44 254 1
1 50 1
156 157 1
58 138 1
186 52 1
148 105 1
195 6 1
244 203 1
25 246 1
11 231 1
35 260 1
227 67 1
31 106 1
171 65 1
108 253 1
50 206 1
127 76 1
211 85 1
236 206 1
131 26 1
223 210 1
6 198 1
180 193 1
43 249 1
183 219 1
191 154 1
120 70 1
12 234 1
206 123 1
85 160 1
88 145 1
105 186 1
55 77 1
169 41 1
93 158 1
169 175 1
175 77 1
68 187 1
22 65 1
234 152 1
83 212 1
165 92 1
14 152 1
56 158 1
71 240 1
202 217 1
89 238 1
94 144 1
101 84 1
243 87 1
257 88 1
95 260 1
169 71 1
102 8 1
233 2 1
91 95 1
220 31 1
96 39 1
99 224 1
93 82 1
201 102 1
207 191 1
249 186 1
122 92 1
170 229 1
46 226 1
11 90 1
92 51 1
19 49 1
110 248 1
51 239 1
19 205 1
146 48 1
35 88 1
175 47 1
61 72 1
84 252 1
173 237 1
49 250 1
255 28 1
229 189 1
43 108 1
2 232 1
238 33 1
174 7 1
78 9 1
31 242 1
60 21 1
133 131 1
169 118 1
44 15 1
242 228 1
92 138 1
30 49 1
144 169 1
170 153 1
201 246 1
113 132 1
81 140 1
256 89 1
101 104 1
205 199 1
95 146 1
216 87 1
219 135 1
248 14 1
95 29 1
204 109 1
109 130 1
105 216 1
191 21 1
49 152 1
88 118 1
195 77 1
40 92 1
78 28 1
200 21 1
72 31 1
221 72 1
14 242 1
240 243 1
50 162 1
171 136 1
89 66 1
257 167 1
65 120 1
144 188 1
7 236 1
8 255 1
118 232 1
68 65 1
174 239 1
58 171 1
125 153 1
176 205 1
14 193 1
205 229 1
158 77 1
209 140 1
52 34 1
22 57 1
251 40 1
171 98 1
204 22 1
71 129 1
169 246 1
201 238 1
62 58 1
126 164 1
142 134 1
42 233 1
65 229 1
107 224 1
34 47 1
50 86 1
55 205 1
92 103 1
9 221 1
81 200 1
182 204 1
118 22 1
186 238 1
23 43 1
153 57 1
158 1 1
170 243 1
75 130 1
51 97 1
162 191 1
92 65 1
251 109 1
93 259 1
232 188 1
243 226 1
186 94 1
5 19 1
47 25 1
181 93 1
234 125 1
136 169 1
89 154 1
191 43 1
238 181 1
118 41 1
35 170 1
184 189 1
70 236 1
169 249 1
146 253 1
254 231 1
195 233 1
211 244 1
186 173 1
46 259 1
227 32 1
103 51 1
113 252 1
255 99 1
50 78 1
238 249 1
97 154 1
206 31 1
250 254 1
193 152 1
200 62 1
180 92 1
25 118 1
207 147 1
32 81 1
216 101 1
249 47 1
42 176 1
112 73 1
154 57 1
12 210 1
7 15 1
187 3 1
256 15 1
174 18 1
101 175 1
156 152 1
259 11 1
61 184 1
184 102 1
176 72 1
103 81 1
30 227 1
49 89 1
70 129 1
236 27 1
81 17 1
184 249 1
246 225 1
250 128 1
119 109 1
61 214 1
145 221 1
162 134 1
246 108 1
68 57 1
133 126 1
92 239 1
225 182 1
251 43 1
71 238 1
239 15 1
256 45 1
49 185 1
18 189 1
87 26 1
19 208 1
120 212 1
82 3 1
61 108 1
196 134 1
6 117 1
92 212 1
169 75 1
73 99 1
89 244 1
127 191 1
187 52 1
204 238 1
211 92 1
61 233 1
186 252 1
101 167 1
205 251 1
205 11 1
240 238 1
207 90 1
152 113 1
145 19 1
210 13 1
251 196 1
71 140 1
119 112 1
156 163 1
144 66 1
138 119 1
41 68 1
32 103 1
236 144 1
234 89 1
67 149 1
140 86 1
62 148 1
7 171 1
26 5 1
173 155 1
110 243 1
87 258 1
14 5 1
148 95 1
210 111 1
217 138 1
11 221 1
158 23 1
66 237 1
1 97 1
252 180 1
26 62 1
240 94 1
92 221 1
201 195 1
259 235 1
156 232 1
182 71 1
192 124 1
201 89 1
130 91 1
37 178 1
234 158 1
162 186 1
241 243 1
146 130 1
209 87 1
184 222 1
250 208 1
184 233 1
236 242 1
184 116 1
115 173 1
33 187 1
217 51 1
132 108 1
253 60 1
12 164 1
60 136 1
197 233 1
209 144 1
55 113 1
1 21 1
146 248 1
231 198 1
175 113 1
147 46 1
55 18 1
169 127 1
217 24 1
129 19 1
171 14 1
9 52 1
114 168 1
88 154 1
82 134 1
93 22 1
156 79 1
131 248 1
157 98 1
234 73 1
58 71 1
201 59 1
43 220 1
153 44 1
52 51 1
7 250 1
11 175 1
145 254 1
246 247 1
71 58 1
145 3 1
240 250 1
87 97 1
247 26 1
238 206 1
242 3 1
16 255 1
9 42 1
133 31 1
148 240 1
5 257 1
141 146 1
170 36 1
221 222 1
15 171 1
124 48 1
184 165 1
146 240 1
140 98 1
174 120 1
196 0 1
48 0 1
21 101 1
26 220 1
17 236 1
90 162 1
1 138 1
256 146 1
182 73 1
186 43 1
11 88 1
146 114 1
174 177 1
41 139 1
151 127 1
57 22 1
133 50 1
181 11 1
226 119 1
67 220 1
169 187 1
205 189 1
0 146 1
186 111 1
42 163 1
137 14 1
240 86 1
36 252 1
87 89 1
246 133 1
177 45 1
31 11 1
181 246 1
169 149 1
19 48 1
25 179 1
165 84 1
102 161 1
65 4 1
157 188 1
259 44 1
30 88 1
75 174 1
227 68 1
133 247 1
153 55 1
140 70 1
65 61 1
221 187 1
156 120 1
152 244 1
174 169 1
186 26 1
138 199 1
15 30 1
155 229 1
19 78 1
158 174 1
89 75 1
260 216 1
260 227 1
55 89 1
198 222 1
33 209 1
142 86 1
31 137 1
183 204 1
12 186 1
222 86 1
156 256 1
130 220 1
73 26 1
28 102 1
67 51 1
47 176 1
108 200 1
89 193 1
233 208 1
236 237 1
211 144 1
192 81 1
5 93 1
126 67 1
201 35 1
5 249 1
234 232 1
221 80 1
13 44 1
64 34 1
140 62 1
251 156 1
45 94 1
242 85 1
84 60 1
96 157 1
156 90 1
207 175 1
171 194 1
16 209 1
163 11 1
125 64 1
148 60 1
186 141 1
65 178 1
175 2 1
0 198 1
33 133 1
84 196 1
170 1 1
221 198 1
75 33 1
205 142 1
161 64 1
57 142 1
19 217 1
61 201 1
57 36 1
135 157 1
232 91 1
25 231 1
221 255 1
192 139 1
132 16 1
19 23 1
3 1 1
73 9 1
149 182 1
35 207 1
249 239 1
89 48 1
243 208 1
211 41 1
246 48 1
80 133 1
125 241 1
205 183 1
220 92 1
117 55 1
112 188 1
122 202 1
25 155 1
144 249 1
49 19 1
11 83 1
201 231 1
232 189 1
169 171 1
207 146 1
236 47 1
64 7 1
134 91 1
22 184 1
259 88 1
87 62 1
60 14 1
78 13 1
161 18 1
146 243 1
15 101 1
59 73 1
59 207 1
169 122 1
174 28 1
32 25 1
171 99 1
175 169 1
130 223 1
124 92 1
230 135 1
71 236 1
246 40 1
144 45 1
157 161 1
41 153 1
151 152 1
228 43 1
174 96 1
111 44 1
232 7 1
3 186 1
197 75 1
80 182 1
26 79 1
1 259 1
125 184 1
205 126 1
62 21 1
95 207 1
35 229 1
232 209 1
65 124 1
191 82 1
184 239 1
71 160 1
74 186 1
106 150 1
61 204 1
233 230 1
108 105 1
239 82 1
36 133 1
101 138 1
40 181 1
22 167 1
158 226 1
90 119 1
215 7 1
12 36 1
88 75 1
22 61 1
165 60 1
7 35 1
