1000 610 363 87 462 53
194 466 1
369 281 1
154 380 1
332 102 1
608 16 1
418 317 1
590 270 1
85 175 1
466 30 1
478 283 1
343 564 1
156 202 1
334 504 1
353 87 1
505 539 1
366 348 1
106 567 1
335 486 1
284 200 1
471 149 1
234 167 1
418 424 1
114 409 1
79 168 1
214 466 1
98 264 1
79 324 1
580 257 1
354 242 1
16 272 1
166 496 1
523 343 1
347 69 1
255 537 1
214 340 1
145 88 1
132 106 1
368 556 1
459 507 1
261 184 1
511 142 1
266 70 1
454 4 1
363 583 1
521 357 1
411 438 1
405 87 1
300 291 1
255 490 1
371 452 1
505 531 1
499 7 1
25 5 1
458 513 1
232 10 1
157 360 1
225 156 1
23 426 1
420 315 1
157 87 1
20 375 1
415 325 1
516 318 1
43 17 1
117 386 1
213 495 1
5 574 1
455 159 1
0 242 1
522 512 1
16 136 1
445 359 1
404 349 1
411 323 1
58 273 1
46 176 1
11 291 1
506 441 1
21 478 1
336 308 1
37 383 1
589 117 1
116 223 1
514 108 1
152 87 1
581 87 1
511 499 1
77 582 1
435 220 1
423 145 1
36 310 1
280 46 1
487 65 1
548 153 1
78 450 1
31 443 1
155 257 1
82 7 1
94 249 1
12 118 1
489 105 1
261 525 1
400 465 1
407 46 1
422 379 1
206 152 1
582 246 1
178 392 1
548 606 1
609 425 1
30 501 1
375 121 1
90 388 1
363 517 1
186 245 1
472 394 1
308 87 1
491 459 1
520 87 1
496 559 1
120 565 1
108 602 1
108 206 1
582 439 1
556 40 1
284 40 1
6 391 1
43 609 1
358 478 1
208 399 1
425 98 1
156 486 1
263 270 1
531 528 1
8 49 1
448 77 1
422 52 1
232 553 1
7 175 1
506 122 1
17 245 1
139 20 1
310 172 1
525 380 1
461 343 1
522 485 1
383 416 1
459 444 1
32 590 1
416 474 1
241 23 1
597 58 1
363 16 1
451 35 1
106 406 1
608 358 1
424 87 1
145 110 1
227 241 1
535 192 1
47 291 1
517 39 1
358 140 1
362 65 1
479 103 1
271 549 1
300 428 1
353 273 1
420 252 1
274 87 1
273 371 1
424 194 1
116 438 1
409 168 1
567 586 1
323 588 1
184 43 1
425 466 1
430 472 1
82 48 1
387 268 1
0 51 1
582 549 1
579 102 1
175 11 1
363 171 1
159 0 1
347 171 1
255 87 1
443 258 1
573 361 1
142 239 1
567 141 1
351 472 1
590 285 1
451 122 1
28 35 1
549 13 1
270 192 1
325 303 1
579 471 1
305 355 1
363 395 1
252 195 1
180 410 1
240 254 1
157 227 1
149 55 1
167 570 1
406 383 1
168 371 1
498 411 1
96 79 1
466 511 1
105 526 1
363 608 1
420 367 1
474 219 1
493 477 1
319 379 1
97 557 1
523 455 1
459 87 1
17 297 1
531 384 1
6 154 1
372 234 1
143 407 1
209 25 1
366 596 1
220 420 1
281 500 1
121 404 1
156 132 1
383 272 1
444 505 1
523 166 1
209 344 1
387 77 1
206 242 1
245 208 1
25 221 1
409 247 1
436 447 1
468 188 1
359 467 1
390 581 1
481 384 1
535 279 1
571 154 1
506 87 1
538 461 1
90 79 1
105 16 1
383 119 1
557 227 1
352 451 1
287 446 1
18 90 1
401 566 1
46 561 1
237 28 1
302 8 1
94 274 1
560 214 1
208 383 1
441 489 1
225 424 1
168 481 1
491 511 1
463 280 1
383 187 1
63 468 1
363 49 1
585 498 1
114 50 1
517 574 1
363 581 1
209 74 1
323 21 1
527 359 1
515 233 1
431 506 1
549 529 1
142 253 1
298 61 1
486 366 1
477 546 1
429 94 1
186 232 1
401 585 1
319 526 1
110 87 1
579 67 1
335 80 1
402 185 1
139 353 1
34 368 1
264 361 1
438 367 1
568 498 1
506 398 1
16 251 1
363 455 1
115 27 1
147 362 1
363 600 1
166 213 1
423 159 1
49 69 1
161 357 1
314 236 1
537 462 1
422 290 1
96 546 1
434 521 1
250 13 1
263 129 1
220 287 1
270 465 1
115 240 1
347 261 1
209 211 1
195 196 1
282 137 1
154 582 1
129 7 1
380 235 1
371 537 1
438 157 1
439 513 1
325 549 1
64 114 1
410 466 1
157 473 1
312 558 1
8 6 1
41 348 1
444 314 1
523 382 1
209 549 1
541 431 1
566 407 1
498 300 1
466 110 1
149 571 1
108 550 1
121 571 1
72 191 1
602 87 1
224 261 1
237 126 1
600 352 1
386 476 1
357 349 1
590 48 1
473 417 1
507 188 1
430 448 1
324 454 1
366 87 1
105 494 1
400 231 1
214 535 1
140 462 1
92 512 1
58 465 1
363 52 1
383 122 1
273 454 1
2 401 1
176 393 1
444 344 1
386 31 1
21 553 1
466 514 1
574 358 1
430 410 1
363 226 1
438 369 1
226 12 1
191 105 1
520 260 1
436 35 1
462 147 1
462 523 1
371 229 1
363 439 1
410 526 1
235 471 1
143 36 1
394 264 1
416 562 1
452 404 1
452 560 1
195 508 1
17 390 1
110 409 1
396 162 1
36 358 1
348 125 1
18 470 1
526 31 1
344 143 1
50 102 1
152 551 1
568 76 1
13 544 1
349 568 1
458 157 1
35 396 1
379 200 1
410 120 1
184 30 1
191 522 1
499 16 1
481 387 1
537 108 1
556 366 1
189 43 1
154 209 1
363 420 1
141 213 1
456 461 1
591 380 1
35 222 1
196 87 1
3 559 1
352 427 1
312 447 1
122 430 1
363 237 1
137 130 1
443 335 1
192 386 1
219 441 1
63 231 1
451 478 1
366 234 1
185 410 1
73 401 1
544 474 1
52 361 1
407 115 1
564 104 1
440 435 1
468 0 1
577 63 1
172 507 1
291 366 1
429 97 1
379 423 1
49 528 1
43 1 1
421 312 1
361 78 1
500 414 1
527 73 1
91 414 1
140 408 1
568 523 1
96 503 1
393 206 1
579 545 1
585 447 1
52 263 1
144 447 1
186 102 1
495 481 1
154 528 1
231 279 1
590 354 1
473 43 1
171 452 1
16 478 1
285 3 1
571 152 1
244 389 1
132 246 1
390 462 1
521 322 1
55 20 1
525 130 1
395 241 1
253 266 1
31 455 1
336 282 1
607 84 1
545 108 1
271 220 1
359 97 1
363 8 1
146 454 1
188 87 1
343 590 1
375 395 1
452 235 1
385 161 1
310 500 1
579 605 1
452 129 1
319 80 1
503 326 1
266 199 1
171 136 1
246 66 1
211 552 1
363 260 1
231 260 1
284 292 1
503 383 1
508 87 1
88 573 1
513 489 1
273 391 1
39 87 1
477 130 1
553 136 1
448 351 1
400 390 1
105 391 1
445 74 1
607 144 1
526 528 1
416 178 1
358 65 1
49 87 1
291 350 1
148 485 1
608 23 1
43 438 1
606 498 1
257 593 1
384 185 1
435 186 1
213 559 1
512 244 1
506 464 1
579 441 1
13 411 1
363 532 1
602 507 1
384 515 1
34 9 1
77 209 1
257 148 1
537 266 1
160 481 1
391 87 1
556 284 1
416 448 1
99 139 1
175 156 1
35 91 1
574 402 1
528 245 1
523 495 1
428 382 1
200 206 1
580 176 1
98 88 1
12 180 1
178 415 1
476 254 1
591 220 1
142 590 1
32 130 1
146 264 1
350 580 1
567 268 1
363 445 1
69 520 1
367 515 1
5 87 1
126 184 1
380 358 1
423 149 1
104 577 1
284 120 1
353 577 1
159 437 1
158 552 1
486 124 1
29 403 1
48 248 1
269 319 1
443 600 1
141 462 1
166 405 1
462 434 1
18 23 1
153 49 1
115 102 1
363 145 1
56 115 1
231 552 1
366 85 1
478 77 1
110 349 1
466 473 1
507 87 1
175 304 1
124 238 1
102 436 1
363 224 1
122 155 1
185 452 1
455 553 1
358 608 1
186 579 1
117 316 1
357 87 1
18 383 1
540 402 1
66 41 1
467 225 1
172 8 1
264 92 1
553 5 1
363 175 1
185 425 1
63 6 1
363 582 1
338 466 1
490 360 1
174 444 1
529 64 1
495 31 1
116 549 1
471 158 1
387 89 1
12 510 1
143 487 1
461 145 1
539 535 1
411 87 1
290 280 1
248 37 1
431 313 1
334 252 1
529 411 1
437 586 1
78 408 1
272 481 1
203 34 1
466 515 1
420 237 1
540 64 1
130 255 1
360 248 1
547 225 1
341 174 1
363 88 1
439 116 1
395 400 1
408 527 1
443 186 1
274 459 1
455 534 1
597 548 1
498 366 1
472 341 1
206 418 1
162 379 1
526 87 1
454 466 1
102 139 1
537 86 1
363 72 1
214 42 1
185 408 1
26 498 1
516 85 1
266 369 1
51 150 1
132 580 1
546 114 1
420 401 1
444 478 1
244 210 1
245 95 1
74 458 1
270 553 1
315 499 1
591 185 1
413 67 1
341 87 1
372 587 1
604 423 1
363 527 1
245 231 1
570 139 1
25 255 1
4 87 1
565 523 1
581 345 1
474 600 1
241 505 1
292 317 1
474 360 1
140 144 1
553 548 1
420 499 1
188 423 1
211 160 1
602 464 1
531 80 1
479 574 1
384 461 1
349 395 1
596 567 1
292 508 1
447 256 1
95 422 1
508 82 1
97 264 1
372 104 1
363 284 1
559 390 1
274 285 1
379 596 1
27 247 1
363 574 1
363 189 1
171 131 1
440 29 1
240 143 1
224 494 1
577 293 1
558 604 1
532 358 1
495 34 1
346 573 1
485 176 1
600 334 1
232 609 1
210 556 1
486 108 1
150 99 1
130 547 1
297 299 1
324 436 1
31 385 1
426 554 1
445 137 1
547 4 1
516 404 1
573 185 1
465 338 1
571 537 1
303 17 1
231 285 1
425 609 1
537 504 1
371 18 1
463 439 1
589 404 1
53 195 1
385 188 1
360 357 1
189 372 1
363 208 1
420 385 1
566 51 1
401 49 1
246 209 1
555 332 1
608 299 1
186 468 1
462 516 1
545 387 1
264 327 1
371 451 1
137 314 1
153 63 1
321 175 1
398 4 1
11 339 1
361 87 1
455 499 1
49 420 1
363 315 1
136 347 1
85 295 1
478 247 1
605 472 1
298 191 1
139 281 1
247 538 1
184 138 1
363 489 1
264 49 1
382 468 1
70 416 1
363 383 1
214 353 1
426 429 1
363 143 1
80 430 1
420 164 1
423 87 1
462 53 1
463 431 1
139 87 1
323 355 1
552 407 1
352 139 1
50 548 1
458 302 1
404 455 1
84 513 1
16 13 1
455 278 1
481 186 1
526 294 1
355 298 1
473 148 1
88 552 1
435 571 1
31 224 1
136 513 1
558 132 1
448 464 1
214 15 1
125 189 1
561 352 1
145 546 1
346 440 1
390 250 1
88 263 1
470 312 1
411 470 1
447 87 1
315 87 1
131 368 1
474 276 1
538 62 1
363 511 1
293 335 1
122 191 1
409 565 1
238 421 1
227 87 1
437 445 1
46 336 1
409 448 1
466 240 1
368 87 1
539 579 1
285 43 1
558 413 1
254 209 1
327 531 1
0 604 1
550 372 1
55 157 1
555 133 1
20 61 1
25 56 1
581 359 1
363 462 1
456 347 1
557 362 1
90 203 1
47 495 1
600 376 1
164 159 1
472 581 1
299 357 1
537 458 1
465 486 1
454 347 1
121 256 1
481 246 1
528 543 1
295 186 1
188 213 1
557 157 1
129 371 1
339 271 1
589 305 1
363 569 1
53 103 1
176 21 1
552 301 1
247 299 1
572 589 1
535 589 1
256 32 1
476 195 1
454 404 1
168 400 1
143 580 1
0 121 1
263 87 1
316 591 1
515 386 1
446 508 1
454 47 1
90 116 1
583 114 1
608 90 1
50 125 1
281 87 1
383 361 1
148 409 1
21 491 1
51 79 1
77 74 1
82 465 1
143 146 1
384 371 1
426 366 1
90 591 1
438 597 1
36 585 1
439 365 1
499 186 1
526 66 1
450 375 1
497 265 1
552 214 1
408 12 1
486 122 1
507 184 1
257 479 1
489 129 1
200 458 1
363 271 1
191 390 1
335 349 1
559 115 1
8 556 1
363 154 1
357 541 1
383 274 1
508 31 1
607 540 1
581 526 1
544 391 1
20 448 1
360 527 1
413 556 1
559 350 1
494 455 1
256 499 1
136 555 1
323 456 1
304 23 1
414 435 1
208 36 1
570 232 1
231 21 1
478 87 1
254 87 1
454 107 1
362 572 1
499 429 1
464 177 1
90 59 1
357 298 1
104 567 1
347 426 1
510 384 1
566 269 1
332 227 1
497 6 1
206 514 1
380 506 1
511 90 1
571 96 1
185 491 1
445 143 1
283 204 1
607 202 1
569 26 1
40 336 1
574 463 1
354 114 1
285 171 1
235 497 1
158 2 1
39 525 1
593 353 1
260 607 1
16 300 1
314 459 1
114 166 1
251 110 1
314 342 1
186 463 1
146 52 1
538 539 1
506 466 1
272 346 1
229 493 1
237 425 1
6 50 1
363 321 1
499 566 1
