1000 480 430 431 430 431
160 474 5
359 24 5
119 292 4
140 366 6
4 220 4
178 294 2
114 280 4
164 226 8
439 48 9
23 431 9
167 6 3
223 373 6
88 433 1
345 223 1
438 375 8
43 161 6
289 438 7
26 146 4
5 331 6
177 67 9
254 383 8
324 55 1
26 123 2
226 258 8
430 261 9
80 254 2
229 371 7
160 341 2
418 385 1
376 404 10
397 299 10
208 328 1
476 134 2
284 443 6
408 125 7
343 149 5
386 106 9
231 2 5
309 15 9
18 476 8
193 57 5
292 410 9
373 22 3
223 414 6
180 184 2
326 101 2
270 379 9
410 472 8
436 280 2
78 226 9
18 312 3
292 361 9
329 131 8
411 438 1
134 79 3
456 220 6
17 139 6
405 330 6
108 282 6
44 436 10
257 76 10
428 264 7
343 282 8
423 43 4
239 198 5
362 381 1
180 88 6
408 190 10
223 126 7
9 342 10
414 465 5
57 452 8
24 434 10
371 383 5
229 271 9
468 14 4
359 431 5
261 180 8
309 7 9
457 464 5
435 225 4
224 153 9
418 21 2
428 176 6
194 187 9
362 335 6
403 117 8
420 344 9
80 162 8
180 343 8
67 305 9
233 139 3
124 235 7
5 297 3
283 81 1
299 248 1
309 76 1
414 442 2
327 407 3
438 30 9
430 74 2
456 178 4
234 188 5
101 198 10
74 375 2
475 366 1
223 430 5
327 53 8
121 33 6
222 422 5
152 428 7
110 164 8
466 67 3
251 466 8
98 149 10
366 145 4
249 62 2
66 458 4
362 173 3
157 90 10
5 429 5
204 200 4
366 301 10
334 245 10
187 319 2
383 439 4
252 17 5
395 446 7
465 298 5
315 451 1
376 472 5
110 76 7
435 155 10
331 188 8
223 456 7
118 212 6
373 318 9
9 395 7
149 158 5
280 206 4
324 358 5
323 212 6
80 427 4
74 319 7
68 213 4
304 66 5
188 431 3
96 456 6
340 130 6
201 329 4
403 173 6
210 264 8
430 381 4
232 177 6
383 416 10
358 114 7
261 244 10
411 456 8
160 150 1
368 187 3
234 253 3
101 159 9
358 410 5
302 374 2
110 410 9
404 128 10
253 386 7
379 57 1
47 413 8
376 315 7
10 239 5
334 92 9
345 24 10
447 36 1
164 122 7
420 188 8
204 253 10
23 316 8
256 37 8
371 155 1
119 473 1
196 134 3
3 211 5
383 412 8
413 75 3
312 294 6
403 176 7
220 124 8
430 431 9
406 136 3
156 102 6
360 111 7
478 31 3
403 436 2
261 160 2
395 358 6
456 435 6
55 109 2
407 155 1
376 463 8
210 309 1
343 247 4
428 142 7
271 211 1
130 80 7
239 319 1
292 184 9
274 198 4
386 352 4
410 399 3
404 474 4
364 351 5
11 207 1
472 252 1
139 182 8
210 362 3
47 408 1
451 323 8
48 449 1
428 210 7
114 237 4
247 186 7
401 335 7
472 127 6
307 11 5
127 266 10
201 462 2
127 431 7
405 352 1
366 88 4
476 219 3
439 229 10
386 291 2
124 360 10
476 439 6
404 71 1
428 380 9
358 364 5
249 270 7
248 230 2
3 32 6
315 229 8
0 62 5
122 462 1
404 166 9
53 67 3
111 312 10
111 72 1
456 268 4
47 256 6
411 135 10
68 364 10
247 79 2
395 380 10
114 130 8
188 423 3
254 28 1
114 412 4
74 253 2
225 174 7
472 283 2
346 118 3
167 213 6
451 418 3
74 245 7
188 354 7
251 434 9
109 227 4
422 252 2
3 439 2
147 46 3
408 341 1
359 208 6
157 386 7
327 167 1
437 323 10
457 22 8
109 451 5
386 420 8
229 289 5
434 149 4
249 27 6
9 303 3
309 78 8
85 401 8
57 102 4
251 206 10
80 206 8
472 431 3
83 80 10
366 292 3
404 428 4
221 468 5
430 476 7
478 406 10
92 364 1
201 279 6
280 269 3
439 183 1
114 403 3
366 251 7
332 217 5
315 472 4
376 10 3
381 232 6
203 439 10
233 38 2
470 65 1
108 303 8
321 111 10
399 470 3
374 321 6
215 336 3
474 333 4
81 369 2
305 211 10
63 45 10
271 309 10
428 422 5
261 326 5
430 126 5
248 471 9
244 26 1
262 190 7
266 26 4
9 52 7
343 371 1
307 390 9
98 160 3
27 386 3
443 215 6
4 405 1
472 161 3
254 327 4
130 99 6
253 173 5
81 376 1
227 315 1
177 178 2
373 9 7
177 346 4
418 83 5
220 431 9
59 200 2
180 383 5
194 19 4
169 304 8
414 106 5
204 384 1
10 63 6
395 194 4
74 431 7
10 283 9
239 18 3
418 288 10
225 180 4
338 446 10
177 235 10
127 68 7
80 259 4
407 52 5
208 17 5
222 139 10
449 114 4
4 343 3
430 327 8
237 351 7
261 454 5
132 396 1
78 477 9
208 227 9
383 210 2
440 451 5
155 438 6
52 1 1
477 132 10
253 92 2
395 159 5
458 203 10
124 473 2
362 440 2
451 300 5
58 278 8
117 477 7
281 209 7
224 420 3
188 362 5
348 61 3
366 329 1
264 234 3
292 58 7
230 78 4
299 91 6
239 364 6
47 346 5
410 246 2
341 77 9
418 344 3
298 369 9
436 73 9
132 81 3
177 166 9
299 125 7
307 124 10
111 395 6
157 203 1
230 71 10
249 114 4
210 204 3
109 55 4
44 421 2
160 399 10
52 388 6
177 410 6
386 358 4
292 66 1
302 80 1
239 362 8
81 117 5
66 68 3
98 101 10
80 62 2
191 56 10
434 401 2
366 33 7
83 193 2
261 461 8
243 190 4
7 44 4
252 292 3
466 270 8
53 193 9
359 280 2
79 299 7
16 475 5
167 188 5
67 216 9
284 265 7
448 413 9
411 351 9
153 13 5
381 312 1
327 340 3
451 151 7
239 47 10
244 249 9
335 156 8
41 389 10
334 478 10
7 105 1
229 125 4
149 269 7
423 443 1
407 93 5
130 101 9
151 203 1
201 136 4
125 477 5
371 399 7
397 204 5
68 313 6
7 256 8
470 94 8
205 290 3
261 397 9
271 57 7
63 159 3
381 422 3
139 257 8
234 64 1
125 332 1
122 437 9
234 478 9
271 478 9
7 187 2
108 337 4
292 157 3
24 245 2
92 225 10
282 148 9
288 39 9
166 318 6
418 386 4
362 219 10
410 157 8
99 57 9
428 185 1
149 231 3
237 220 2
300 57 8
74 191 6
330 423 2
43 359 10
372 175 6
109 354 6
349 321 5
359 111 7
277 359 4
271 140 9
43 66 4
92 43 2
326 306 10
405 296 7
476 122 8
387 375 6
121 23 1
191 109 2
67 360 7
330 237 6
456 53 8
109 347 3
466 440 9
292 262 5
117 260 8
25 249 1
111 71 7
327 222 10
79 274 7
358 176 4
101 85 6
34 432 6
256 122 7
55 202 4
306 42 8
188 307 4
397 431 10
358 338 2
281 448 4
7 400 6
67 264 2
411 53 9
47 102 7
341 247 10
369 114 2
401 447 1
295 75 4
422 185 8
11 348 4
18 377 5
352 76 7
93 58 7
71 259 4
180 36 3
191 427 5
332 420 7
430 2 7
435 475 1
447 154 5
333 254 8
88 258 7
439 177 8
351 313 3
11 295 6
328 167 1
366 248 1
329 305 5
466 379 3
394 449 9
173 399 8
455 178 3
351 305 8
386 201 1
118 167 2
36 334 6
476 57 4
10 5 8
24 251 8
447 381 7
158 441 8
5 350 7
376 149 1
185 281 3
266 85 1
68 201 6
173 164 6
47 52 10
63 10 8
429 285 10
376 5 2
98 188 3
473 95 10
417 142 6
284 63 2
229 154 6
201 402 10
74 308 10
63 401 6
157 73 1
399 40 2
160 322 4
434 476 8
362 354 4
24 7 6
22 406 9
245 411 1
421 227 9
10 24 7
149 132 9
407 16 3
57 4 8
371 447 9
428 20 8
309 323 6
389 189 10
141 375 6
237 147 3
162 190 4
9 422 4
114 329 10
123 149 10
414 388 6
362 430 7
177 367 6
88 34 6
413 376 7
395 435 4
178 472 9
386 372 8
341 407 7
363 262 10
63 74 6
176 379 9
198 466 10
383 120 1
323 257 3
304 108 9
22 402 7
423 282 5
406 462 9
226 94 1
180 434 2
155 290 9
307 157 5
434 173 2
265 435 2
298 470 3
19 284 9
185 59 6
428 362 5
351 230 4
156 414 6
362 237 8
159 201 3
466 162 4
430 47 4
212 387 4
334 476 6
246 35 8
263 347 4
52 117 7
380 441 3
338 273 6
408 182 8
324 407 7
55 171 7
439 203 10
360 229 10
251 369 10
327 395 8
298 215 5
259 83 7
11 458 4
366 23 3
452 68 3
409 387 1
178 76 4
51 434 3
201 423 5
244 229 1
430 359 1
224 308 1
225 368 2
75 312 4
362 221 4
124 333 5
237 139 8
191 281 3
476 292 8
363 452 3
452 471 2
387 40 1
257 279 1
153 262 5
220 447 3
446 147 6
447 336 3
281 108 10
305 216 3
157 299 10
289 466 6
390 418 5
58 398 6
457 91 8
18 364 10
294 323 7
157 383 9
57 455 1
476 455 7
443 273 5
472 302 9
62 365 8
188 134 7
261 205 7
111 141 5
425 17 1
126 368 4
377 125 1
248 218 8
244 285 4
166 366 8
451 254 10
204 196 8
149 211 4
247 128 9
205 284 2
430 138 5
376 417 7
237 40 6
354 290 5
430 437 9
381 389 6
412 41 7
376 303 3
229 343 2
380 441 2
405 104 9
359 99 3
376 118 3
47 271 1
377 300 10
134 404 2
303 155 3
261 164 1
358 132 3
343 177 8
129 49 6
124 25 4
465 0 1
338 333 10
146 218 6
410 4 6
139 205 2
63 96 6
130 42 9
447 190 1
19 473 1
309 36 9
109 41 6
48 263 7
381 51 6
221 373 3
65 250 8
79 44 9
250 244 8
188 403 9
402 230 2
456 454 7
474 424 8
173 139 1
332 281 6
313 132 3
100 130 3
59 337 10
368 11 7
266 114 3
457 344 7
239 110 4
376 368 2
67 358 3
373 473 10
167 414 7
354 419 6
266 304 10
262 452 5
132 351 6
386 453 7
157 370 10
204 9 1
114 254 8
67 364 9
401 380 2
109 108 9
244 330 1
10 98 8
249 468 6
477 68 1
439 305 1
354 19 4
83 430 8
422 69 9
407 124 5
114 50 3
373 282 10
290 142 2
277 171 2
9 295 5
190 44 10
193 185 9
7 455 1
451 22 9
22 66 6
384 307 9
437 39 1
376 257 7
476 344 8
368 474 6
17 200 7
224 432 7
271 27 6
282 441 10
229 83 1
395 164 6
81 300 8
387 19 7
66 8 1
451 121 5
309 229 3
248 263 9
205 234 4
472 153 10
376 135 4
234 35 10
114 456 3
235 134 1
329 349 9
341 165 8
22 127 2
74 242 3
477 230 3
271 255 3
67 410 3
237 408 4
98 61 4
376 423 7
298 156 7
211 330 6
52 472 7
224 250 7
291 439 3
341 408 9
389 130 6
362 3 4
429 169 1
100 399 1
430 23 8
68 66 2
26 284 3
117 383 6
291 180 8
283 83 9
3 464 5
428 338 8
404 81 10
66 471 4
430 394 9
422 107 8
380 347 9
204 324 2
427 363 4
440 470 2
414 177 8
262 243 6
185 239 10
351 25 8
334 152 10
226 65 1
376 431 7
118 377 9
33 373 10
157 47 7
407 204 6
410 334 5
380 317 4
155 368 1
403 54 4
10 397 1
177 3 3
358 373 9
473 227 10
463 221 10
19 123 3
366 234 4
114 311 6
307 193 9
289 115 6
419 358 9
358 237 5
262 261 5
88 457 1
239 332 10
465 428 10
132 5 1
149 315 9
45 67 6
476 291 10
312 37 7
174 437 7
335 376 1
178 14 4
251 239 3
114 223 5
139 166 5
149 80 8
223 111 2
217 228 9
248 293 9
472 292 6
155 270 10
329 379 3
188 118 5
317 95 6
422 7 10
180 177 5
454 381 3
15 326 7
427 397 6
395 277 3
334 220 5
48 250 7
330 89 7
80 244 8
55 457 5
157 324 5
472 129 2
177 151 9
166 368 6
164 53 1
274 412 7
101 84 8
80 387 2
229 174 6
47 380 4
443 97 1
225 252 2
338 122 8
210 136 9
414 173 10
229 417 2
295 459 10
124 198 1
441 476 4
59 274 9
395 421 7
149 289 6
9 177 3
24 363 1
381 345 9
83 451 2
235 270 8
25 18 9
343 226 2
167 56 9
407 111 6
307 233 8
205 195 6
373 411 1
130 470 3
88 224 3
67 359 4
57 119 7
303 307 7
474 153 10
303 366 4
428 451 5
335 425 9
373 35 6
271 109 10
335 204 10
139 234 8
17 463 6
177 162 4
21 73 3
155 182 4
476 154 4
10 222 4
451 409 7
149 232 1
80 155 1
441 423 6
435 339 3
376 173 2
447 52 6
359 188 1
315 459 6
5 115 4
158 100 5
380 9 8
177 215 6
366 405 6
118 448 9
195 66 3
418 157 7
190 279 5
201 132 4
309 58 3
3 37 2
5 271 10
282 435 4
471 323 6
252 432 6
