1000 364 56 190 218 190
108 346 63
158 240 3
166 190 97
343 134 12
336 229 99
142 84 30
209 249 59
231 184 13
184 138 79
243 114 87
80 167 96
164 69 61
133 134 72
293 255 56
111 274 49
335 222 44
124 355 91
36 360 30
194 251 39
231 281 40
56 162 99
347 125 49
85 125 18
296 346 55
41 102 44
359 207 19
167 133 52
198 206 58
172 250 95
38 287 75
248 4 93
231 286 2
212 276 68
259 12 99
353 128 56
152 345 28
223 336 87
24 254 66
231 291 89
16 312 83
170 80 9
300 324 66
254 39 81
167 156 41
363 201 43
96 234 84
53 16 53
329 108 1
13 166 92
148 236 36
288 18 41
198 303 32
62 354 6
310 68 80
82 335 68
325 39 82
108 159 70
325 345 27
328 189 41
255 205 3
203 55 81
86 116 31
146 159 91
56 152 35
354 186 78
326 137 31
125 130 20
3 272 21
200 163 83
276 291 30
281 62 46
164 271 38
70 95 15
231 57 61
340 63 88
294 119 15
276 194 97
39 17 69
204 27 100
346 307 61
151 356 55
12 255 11
305 35 70
233 114 54
250 314 5
277 228 66
103 184 53
338 70 77
5 282 9
47 340 47
354 99 69
214 14 91
107 141 5
287 312 53
187 352 13
302 287 35
295 270 64
82 206 89
187 151 41
224 176 1
6 198 100
319 216 26
167 328 7
142 168 10
107 192 74
74 209 6
150 288 79
42 357 20
50 313 5
154 184 30
227 351 7
65 247 38
214 10 80
309 149 70
338 330 26
335 130 63
207 310 25
346 6 64
13 232 9
159 335 90
188 161 22
137 138 76
277 315 47
130 339 12
355 61 71
218 114 96
107 253 70
184 301 91
301 221 17
221 314 21
90 102 18
5 88 4
284 272 6
249 298 3
326 187 98
39 88 74
47 195 65
335 114 87
34 326 70
144 209 43
192 158 70
229 301 4
92 41 28
192 33 57
266 10 89
300 31 46
317 190 92
237 182 93
108 35 2
149 66 34
186 295 6
349 71 69
44 293 54
303 5 44
156 308 97
159 85 50
99 362 11
304 319 50
56 13 85
292 170 12
326 71 53
61 230 2
9 177 63
272 24 61
354 249 3
284 163 85
218 190 86
295 346 58
314 201 81
166 27 46
211 158 70
316 160 26
342 287 38
97 300 88
205 192 70
198 223 91
27 25 71
353 328 53
10 124 51
290 99 89
88 107 72
298 179 26
77 362 82
357 197 41
71 139 2
220 226 28
333 250 92
76 346 26
24 13 51
76 125 30
343 156 91
166 65 14
109 212 7
17 183 39
277 23 9
189 101 72
82 92 34
295 291 72
347 353 5
81 341 67
218 231 6
302 5 14
66 145 55
362 38 33
97 198 27
298 45 58
221 166 85
97 277 91
186 78 97
116 259 7
333 133 64
304 194 59
4 336 10
184 171 60
185 60 80
109 161 55
205 78 43
69 353 68
267 130 20
279 23 52
329 258 19
16 276 1
285 295 95
54 103 94
269 58 83
263 205 38
84 345 34
269 333 22
17 194 16
222 7 4
302 64 41
343 122 84
302 231 78
353 310 8
75 185 36
102 256 44
288 266 100
221 175 53
270 116 1
18 103 97
232 113 97
82 227 74
206 166 15
209 328 66
166 314 75
78 25 34
248 210 29
62 310 33
300 303 94
102 343 57
209 184 12
146 284 79
237 129 94
114 98 37
315 143 71
345 178 49
325 314 5
237 267 37
269 190 94
99 134 30
4 73 31
9 335 81
209 199 37
272 237 24
211 129 24
315 88 10
295 314 83
301 57 43
8 347 21
308 142 34
166 84 9
17 336 77
214 167 7
192 285 68
8 190 74
186 12 12
42 146 63
114 311 46
23 16 69
152 287 91
160 99 48
124 184 8
71 270 85
195 333 34
5 245 57
349 176 98
50 220 31
203 284 6
205 177 25
358 295 4
209 125 74
52 183 52
24 51 13
5 312 74
304 72 69
253 154 6
24 218 19
65 114 15
209 154 15
35 337 16
154 325 88
139 232 8
107 81 14
82 330 99
209 16 41
301 3 49
295 148 9
326 82 34
282 100 97
107 176 13
324 243 84
35 185 13
205 62 25
311 165 45
263 59 54
137 146 11
209 61 58
291 174 22
299 192 62
225 9 29
183 44 88
218 151 97
175 82 10
116 109 94
221 7 23
82 348 98
357 356 10
349 123 78
353 186 30
329 343 80
308 248 55
335 113 53
98 127 64
76 335 99
353 144 42
158 89 50
305 46 36
275 201 97
345 53 8
280 10 3
238 4 12
172 203 69
65 355 54
231 3 19
247 29 9
360 280 34
78 353 2
198 285 46
78 236 82
234 299 35
320 69 3
312 220 19
152 284 67
30 189 68
328 12 86
253 358 10
363 268 48
84 147 22
94 134 70
52 279 1
61 282 95
226 343 8
142 275 29
354 326 40
228 298 28
156 25 4
172 275 57
188 39 88
292 310 93
109 152 67
294 285 88
184 190 27
207 349 63
164 98 7
121 87 41
93 91 92
58 112 12
96 92 46
251 113 43
315 137 13
314 316 16
47 205 34
192 300 88
12 319 82
319 154 7
166 245 55
325 175 33
47 132 59
74 62 29
194 266 96
81 86 13
183 223 26
198 243 17
66 205 4
206 248 47
8 103 64
343 238 11
224 184 64
170 76 47
302 5 88
56 278 67
248 222 91
314 361 41
299 302 31
237 243 24
166 154 58
299 239 2
345 318 40
278 92 25
30 97 74
39 283 94
81 299 40
209 233 1
324 151 94
355 295 90
346 358 81
326 107 71
231 93 47
214 338 75
353 192 72
159 328 16
86 271 80
66 106 21
328 250 83
320 146 92
34 160 78
260 90 2
107 294 18
86 357 3
363 66 48
192 228 67
156 301 46
61 279 66
192 12 34
220 250 91
300 289 5
214 332 46
362 166 32
248 357 55
175 86 91
272 189 58
310 248 69
262 202 92
97 7 34
259 292 40
170 345 78
34 17 34
82 313 80
186 215 55
187 300 56
294 286 56
320 245 75
222 66 10
315 322 4
192 183 46
214 97 17
74 110 36
260 176 55
139 76 68
56 8 76
71 44 49
162 254 95
306 297 43
87 208 53
326 167 99
338 19 30
297 307 58
347 170 92
164 14 16
236 223 99
109 345 70
324 218 17
18 165 2
139 270 55
291 53 58
110 207 5
88 326 40
17 177 32
42 132 86
341 20 9
308 94 85
182 96 74
16 281 41
218 213 16
198 252 83
360 270 82
44 18 3
18 121 80
16 341 10
81 158 46
161 78 9
96 231 77
295 281 100
93 8 25
262 125 7
18 334 71
146 71 40
264 306 27
14 350 83
312 114 80
341 12 28
161 319 71
156 5 11
5 51 85
204 249 62
326 26 73
82 342 22
325 57 36
110 153 2
98 114 83
313 170 65
279 114 63
7 244 2
275 163 23
303 70 51
228 207 7
231 149 35
353 231 26
187 111 13
107 272 96
102 9 78
277 8 88
213 116 97
128 154 4
294 62 36
97 188 54
243 109 6
237 344 83
297 75 44
56 62 10
55 109 88
82 159 39
325 307 39
145 319 85
161 110 63
353 171 7
151 10 40
170 216 48
277 50 35
278 50 22
250 218 71
262 232 64
232 95 75
248 211 39
44 355 51
348 305 88
154 145 73
272 64 34
359 284 65
189 211 78
124 302 73
170 42 26
4 260 79
262 175 51
298 98 2
175 220 76
65 250 83
184 139 46
88 215 19
124 146 72
220 201 3
152 107 71
62 3 93
296 345 65
86 214 79
353 338 3
0 142 47
114 361 79
152 288 21
33 61 93
206 46 14
343 209 40
99 14 2
19 158 42
345 363 28
110 222 92
298 56 5
207 55 58
286 363 67
223 94 49
102 136 15
326 212 73
358 250 46
222 200 89
310 348 100
198 93 57
280 237 92
175 306 84
302 296 100
347 341 62
182 138 56
153 348 56
281 288 19
88 178 10
154 229 67
72 283 59
272 285 15
162 142 100
53 173 29
161 233 21
164 224 72
205 246 31
345 4 49
292 109 28
186 153 33
41 15 37
209 315 10
218 227 3
308 74 79
348 186 58
244 71 81
59 223 49
56 156 16
146 236 65
231 164 28
16 212 11
119 9 72
36 110 90
223 304 16
13 226 77
330 169 90
358 184 60
102 152 9
206 161 66
188 358 31
75 92 1
24 219 78
204 147 18
224 189 59
328 363 66
69 214 47
44 30 83
287 80 78
76 338 29
326 156 24
248 348 25
345 125 69
328 345 48
188 137 68
294 114 14
248 192 6
92 130 99
163 333 96
345 211 1
285 103 77
218 317 26
107 294 69
78 64 84
152 55 51
145 164 2
184 97 100
304 84 97
58 108 24
300 268 15
189 63 89
142 251 28
272 161 69
139 64 42
307 80 18
277 108 87
338 335 98
30 13 45
320 363 24
81 149 26
162 158 66
164 205 62
41 292 26
231 197 38
287 76 94
214 262 65
214 128 74
270 199 44
60 277 15
298 0 63
66 349 99
226 116 28
281 332 25
300 47 15
294 173 95
88 108 3
218 212 5
161 357 28
304 82 1
162 310 55
110 142 94
76 133 24
231 361 29
317 106 59
170 190 83
86 263 78
30 231 92
50 186 32
270 256 61
315 276 96
61 122 12
152 182 92
183 301 4
39 225 90
254 114 81
211 198 6
84 190 38
78 104 93
171 255 46
12 321 79
254 1 42
82 186 67
345 102 48
55 75 29
80 240 54
166 85 8
221 4 85
159 335 96
232 61 71
279 41 63
192 218 58
86 50 73
269 298 30
57 273 15
226 329 14
35 171 1
209 320 83
315 228 60
346 60 65
93 9 95
41 309 45
183 105 70
43 112 77
84 266 41
45 344 75
285 65 40
224 281 15
102 150 19
345 150 8
240 310 7
192 335 72
149 65 12
276 61 40
325 188 26
336 103 45
209 217 75
262 113 61
362 44 74
153 35 92
30 362 27
354 168 43
223 30 17
137 61 87
249 290 1
354 190 49
93 148 2
87 284 22
248 216 83
35 325 18
199 110 49
56 190 26
142 333 10
218 305 28
314 348 3
359 234 30
326 299 48
342 180 53
160 345 75
279 273 44
266 248 97
184 54 35
363 204 54
128 17 76
189 36 57
149 10 90
175 66 60
205 142 48
91 61 63
76 53 21
161 191 98
3 205 80
268 183 46
151 227 8
338 88 53
184 182 95
132 56 94
273 175 95
296 74 58
221 349 55
103 195 8
277 220 17
236 215 6
279 8 1
164 74 85
211 122 95
98 235 18
182 251 30
175 275 44
61 340 80
66 323 50
179 28 1
236 270 58
283 99 4
206 290 52
17 338 4
298 99 35
220 190 71
151 237 39
279 230 86
94 359 97
223 218 13
125 6 29
345 66 75
307 101 48
156 190 75
214 177 72
241 269 17
81 261 58
260 81 78
269 41 9
39 163 100
300 133 53
338 104 20
99 35 22
56 124 62
209 41 95
167 178 13
78 126 7
145 272 23
17 280 40
285 186 50
232 97 86
18 4 88
56 1 67
78 269 19
186 170 74
130 184 47
324 58 95
315 95 37
272 34 52
188 205 52
44 231 71
142 103 86
66 316 23
263 28 32
260 320 99
184 147 100
186 209 29
110 52 18
47 42 24
18 19 100
328 119 48
104 225 42
1 93 92
134 320 43
170 28 6
330 146 31
108 33 14
35 43 16
39 214 6
319 220 94
56 116 62
186 285 23
39 190 54
37 263 39
359 35 53
302 152 2
69 248 6
330 38 88
92 335 38
345 53 28
65 200 42
39 343 3
175 256 35
344 252 54
88 69 1
175 232 86
358 76 65
345 172 55
3 311 74
101 360 84
336 80 23
31 261 27
223 103 40
82 88 1
52 295 100
137 84 14
326 24 35
87 206 37
122 60 48
301 36 88
151 269 75
329 10 17
215 98 64
214 44 41
303 77 19
98 358 92
263 159 3
328 262 55
259 92 17
277 86 7
4 194 52
270 302 93
56 119 40
61 194 96
89 53 75
172 325 10
172 157 26
338 77 15
281 37 73
301 16 69
186 214 88
56 241 11
56 320 75
62 61 56
186 124 42
345 279 33
56 218 36
175 362 47
304 96 76
317 277 23
103 363 39
88 167 18
133 70 35
338 62 17
108 43 36
278 260 1
108 8 78
353 101 54
10 224 78
240 79 81
170 269 49
18 300 26
355 167 10
146 127 68
146 336 71
236 304 45
44 34 18
328 307 57
329 55 46
297 145 26
42 129 87
94 277 7
232 214 94
16 250 60
148 271 35
295 78 17
69 121 58
204 5 91
226 59 74
144 248 50
283 164 64
169 212 29
248 193 61
6 340 78
69 190 5
93 16 45
209 148 40
108 262 88
27 218 25
307 31 36
146 249 44
298 93 71
56 156 83
301 10 7
255 285 28
307 241 25
82 179 11
295 218 69
277 188 26
4 36 81
329 223 7
84 141 55
10 212 98
138 159 26
214 300 2
220 140 18
30 326 6
167 231 99
101 318 67
320 47 61
187 172 88
172 362 40
34 12 87
222 103 39
99 314 23
233 78 20
171 144 35
62 264 6
278 356 72
353 181 59
14 101 28
300 248 95
86 302 42
3 294 64
183 153 53
338 39 5
186 146 65
101 313 2
129 7 91
206 204 72
62 76 49
53 101 35
39 44 78
142 192 94
7 19 47
