1000 754 13 284 38 284
211 364 748
668 247 510
550 311 97
663 251 854
243 139 827
719 640 714
573 270 945
688 277 399
321 138 691
527 330 976
629 266 494
395 417 772
376 214 646
648 311 668
650 108 771
356 700 881
420 125 17
404 498 822
91 136 31
230 624 156
139 557 346
151 736 583
256 706 708
84 488 297
279 350 988
369 400 906
113 428 365
468 389 466
171 308 385
13 276 337
449 456 900
599 102 496
648 424 163
98 628 561
211 103 446
477 628 132
69 285 757
591 200 282
521 29 945
464 438 660
185 7 507
631 404 345
160 210 67
210 478 787
478 183 309
270 217 96
521 493 689
721 389 808
120 572 343
676 313 460
457 718 793
409 695 305
405 20 976
512 200 496
592 465 911
7 744 559
113 364 995
292 310 461
518 63 681
634 503 207
165 122 757
718 594 664
487 83 131
317 676 396
498 98 900
238 353 1000
540 55 104
323 744 938
47 746 690
522 350 851
559 442 910
124 574 246
205 86 448
210 325 931
322 311 540
400 54 728
335 49 80
200 581 470
261 356 490
590 605 595
111 422 63
410 303 603
40 706 468
438 571 364
343 219 747
552 232 752
358 254 671
658 410 24
143 289 905
597 613 102
282 375 394
698 362 141
715 516 495
262 626 869
426 470 330
191 457 803
318 692 173
214 326 1000
625 94 714
123 259 643
514 496 644
66 284 103
410 558 200
48 66 126
68 62 240
49 441 631
529 693 629
105 258 125
265 640 531
428 641 892
244 655 768
395 596 450
216 543 478
561 19 306
308 270 648
685 293 300
213 31 661
431 670 570
494 362 576
408 61 498
383 392 296
51 185 789
74 185 179
428 59 374
246 337 744
272 502 719
716 592 85
138 447 782
247 713 972
395 313 673
123 321 357
243 255 560
370 578 52
339 292 250
35 133 130
13 288 691
557 518 178
621 529 198
528 123 611
678 4 253
410 187 261
38 284 498
383 364 364
533 519 255
275 533 479
198 412 450
726 516 232
53 284 900
376 112 363
216 127 644
456 738 992
610 525 526
665 561 494
681 284 799
66 443 109
515 346 694
550 456 203
705 63 829
614 141 636
78 620 663
498 236 24
187 438 308
457 16 879
73 472 393
557 512 679
578 254 171
78 690 736
389 291 522
495 213 532
434 517 805
77 751 160
294 326 19
378 665 50
733 636 737
73 404 850
419 165 312
13 704 75
390 175 775
677 339 625
233 528 964
190 73 504
13 639 211
190 335 989
139 534 571
175 670 357
137 264 179
644 420 586
529 284 945
707 625 923
704 251 78
13 665 101
723 238 100
176 617 835
543 245 943
247 628 720
690 331 859
605 112 520
306 48 43
59 284 429
326 275 745
120 716 533
640 437 361
350 266 175
501 51 761
127 341 877
419 498 75
19 284 918
314 180 426
11 120 733
118 524 635
13 66 699
549 494 375
609 15 757
112 185 693
76 284 724
519 79 600
367 718 843
285 603 602
102 478 610
602 423 501
69 236 328
81 696 807
457 657 497
215 597 277
187 393 947
325 420 433
224 286 370
356 164 952
197 252 933
99 624 393
744 313 708
557 377 741
562 753 209
507 198 507
493 578 331
355 682 947
472 380 195
456 116 926
478 609 91
518 20 546
81 508 45
557 656 906
428 578 924
188 596 75
697 284 806
312 239 397
13 67 183
578 677 124
468 703 84
287 48 252
270 495 34
335 211 396
358 35 436
236 733 631
133 273 448
299 395 162
651 284 973
479 392 997
173 141 472
247 488 722
394 292 385
535 14 982
217 106 860
491 452 319
69 642 593
599 286 120
474 141 742
335 542 199
442 590 896
77 127 587
507 284 87
534 133 258
226 127 403
658 246 139
13 123 949
488 284 231
628 648 31
428 535 54
145 197 107
61 383 929
333 732 616
13 478 121
38 419 2
572 68 567
616 512 445
434 713 329
400 231 326
692 390 775
13 329 663
272 243 862
472 191 125
13 409 125
678 585 764
230 72 929
311 199 825
125 562 114
222 310 557
620 477 913
175 42 594
676 673 574
311 2 805
579 212 252
233 123 464
79 464 90
616 120 203
457 314 669
189 726 73
665 651 377
683 531 648
412 624 464
636 242 584
215 568 883
470 668 815
648 751 761
453 46 788
362 582 644
392 668 77
255 512 93
51 537 914
665 284 867
397 125 927
524 738 311
635 284 708
17 19 639
477 288 663
290 494 460
450 626 674
243 173 478
623 284 114
609 262 443
438 72 578
201 111 902
76 210 95
483 690 64
464 706 534
497 455 267
591 84 291
561 216 403
154 465 652
222 698 5
13 478 628
628 573 364
500 737 400
359 683 519
205 397 163
712 67 667
519 76 943
447 574 648
671 240 894
375 226 617
157 635 952
388 673 293
164 297 998
150 591 590
236 374 404
482 603 412
260 521 109
230 527 677
718 518 737
149 200 736
629 222 194
212 113 788
585 418 902
570 179 820
605 507 365
693 131 822
396 397 435
392 678 116
353 323 439
576 394 367
62 331 859
29 360 366
13 457 973
8 284 583
311 617 133
281 665 938
359 509 365
478 197 244
389 388 250
259 726 283
653 137 186
537 419 254
47 296 54
496 225 431
337 312 771
254 258 12
715 550 709
610 174 791
533 724 725
392 653 958
200 230 33
720 318 434
139 333 148
80 230 723
302 244 779
527 284 235
139 577 90
348 47 352
508 427 251
696 655 698
600 393 465
603 190 42
639 583 387
346 125 350
4 78 872
228 511 805
519 12 791
290 369 163
353 81 803
39 79 578
506 16 191
558 517 78
690 102 834
137 266 20
530 322 19
665 208 947
268 543 34
661 527 777
737 272 470
604 603 26
265 46 525
516 651 601
474 470 767
286 447 98
733 375 932
16 26 156
26 449 175
665 201 288
188 412 230
74 699 706
696 284 265
275 299 488
657 188 359
199 486 385
182 690 598
13 539 76
706 254 694
693 287 795
86 396 781
562 400 802
697 552 551
439 395 646
311 313 661
258 52 993
346 377 975
610 163 66
706 711 938
19 631 551
640 703 442
79 494 857
20 534 178
470 260 90
259 379 53
746 346 53
54 225 269
713 457 178
118 500 617
196 428 532
46 284 347
239 519 616
175 124 742
135 434 908
217 305 105
419 383 463
16 496 91
183 540 181
568 715 365
736 99 919
160 185 674
661 564 677
361 125 450
698 111 828
204 226 879
0 716 454
214 698 116
212 740 359
596 623 205
326 175 160
593 537 98
125 356 636
550 243 486
655 420 28
684 493 33
297 332 775
578 688 854
367 684 109
329 670 675
364 189 672
603 284 969
173 682 230
127 256 457
105 11 791
107 212 693
150 391 742
13 317 237
276 549 198
219 724 559
548 0 878
570 491 766
422 498 221
733 136 631
295 549 570
13 592 194
512 561 374
511 356 531
523 593 282
113 164 488
242 247 158
592 630 972
25 302 35
133 705 664
204 11 531
161 66 695
317 159 271
388 600 60
670 74 37
338 157 781
40 253 234
197 572 409
12 730 689
266 284 476
3 284 434
514 256 23
549 719 469
389 570 741
83 284 286
460 135 231
202 11 147
61 411 723
346 59 664
115 61 527
89 205 456
539 224 34
370 519 325
217 655 437
571 39 474
543 151 405
112 461 637
666 507 577
417 620 454
236 284 688
83 431 835
345 348 416
185 247 495
40 192 515
723 289 223
329 286 527
705 38 790
171 505 649
213 304 966
738 112 481
561 189 208
13 171 955
258 31 281
364 634 253
522 648 696
683 528 329
640 259 503
395 216 879
539 150 614
736 700 231
376 236 657
310 428 753
341 438 508
519 419 582
316 141 16
423 629 895
199 370 954
55 98 400
80 477 952
648 664 928
585 368 238
30 648 13
396 311 971
437 290 575
78 517 871
668 243 208
282 407 168
31 661 366
273 260 865
732 681 681
634 360 268
314 284 258
609 654 775
35 371 32
323 338 149
535 91 637
494 479 965
313 40 210
122 261 150
13 573 179
593 11 364
277 69 12
685 284 640
527 360 196
106 561 104
299 569 499
309 745 740
288 314 733
684 159 896
197 678 389
118 716 710
360 461 546
359 590 144
704 696 473
708 530 327
316 275 267
655 222 272
379 157 644
524 284 271
332 388 961
13 142 370
450 284 264
353 642 503
368 497 83
273 309 856
44 346 450
188 543 369
596 576 388
642 225 637
78 543 311
323 150 582
620 118 99
13 522 349
410 281 294
15 651 671
345 367 761
514 163 168
326 42 285
216 137 22
449 140 251
266 175 298
517 295 109
580 474 462
37 272 181
443 32 730
251 114 340
612 211 602
197 507 17
528 7 424
54 721 304
464 284 73
3 8 731
236 46 262
281 341 892
603 284 531
616 694 84
142 599 948
377 78 591
612 597 902
447 659 503
551 19 718
748 176 113
411 697 459
11 268 900
13 491 262
361 106 299
184 474 632
256 733 402
130 404 907
238 518 175
240 137 228
102 284 397
12 506 520
171 138 176
150 712 386
334 527 911
334 62 174
120 213 793
655 378 370
185 343 871
626 222 420
745 454 197
94 345 357
616 604 586
452 284 283
109 150 723
751 284 614
516 265 220
661 143 832
63 376 586
518 460 574
13 701 696
77 98 150
574 364 382
13 215 802
389 281 456
251 668 485
52 591 779
305 44 943
316 379 979
488 206 844
613 665 28
67 583 922
441 506 327
13 214 357
0 610 636
747 37 553
552 216 211
93 244 627
13 254 677
42 361 19
160 737 47
232 469 381
700 45 700
502 548 956
506 389 468
166 665 430
665 753 549
659 141 223
582 524 185
630 329 702
20 634 45
573 701 723
13 705 567
70 212 2
222 733 695
392 561 929
267 591 147
505 187 264
189 359 980
581 392 625
225 161 848
52 160 84
498 634 183
288 447 677
494 610 737
685 529 248
144 707 163
288 671 412
533 184 770
360 19 214
51 21 386
665 80 559
13 187 582
644 677 362
79 501 384
367 604 567
40 109 303
704 182 834
213 134 121
706 523 253
68 389 433
125 284 536
205 7 897
13 20 608
201 265 622
91 156 709
219 68 452
655 284 447
465 665 531
599 359 633
683 479 384
313 396 248
11 535 964
99 529 404
524 184 146
359 202 375
360 2 735
393 487 209
574 89 909
250 550 115
199 432 324
630 558 412
98 367 704
160 599 216
511 558 433
296 105 585
724 751 311
312 522 113
13 3 658
572 69 786
214 524 144
501 614 939
356 190 984
98 284 962
2 747 125
498 529 97
180 359 334
512 514 749
292 560 833
745 70 803
511 507 67
7 557 948
639 593 589
703 697 241
362 480 738
245 3 137
751 602 845
189 288 672
579 154 794
198 40 138
303 644 391
302 480 106
171 390 485
751 279 996
480 646 158
602 337 970
498 146 99
114 732 199
169 604 433
412 124 175
230 41 377
646 233 512
748 731 733
13 691 496
40 191 70
91 499 423
222 483 613
695 445 99
137 250 605
411 621 139
583 79 170
478 361 773
517 355 188
326 270 478
699 40 202
711 408 49
634 378 875
592 466 501
445 612 509
610 498 217
726 149 659
31 426 109
465 743 584
46 439 37
78 658 892
411 311 116
295 354 772
333 353 581
666 115 102
562 205 872
91 532 56
15 358 914
491 602 242
493 590 41
109 61 454
338 77 699
480 106 926
682 464 246
573 474 247
156 421 667
579 323 603
438 570 848
206 723 590
11 452 547
123 46 606
480 559 651
703 748 94
392 550 212
503 120 351
390 335 207
329 650 895
20 283 967
224 201 21
236 242 215
13 639 319
108 657 223
449 676 973
192 723 430
561 317 964
13 720 801
182 106 968
19 468 909
543 267 145
704 272 465
59 515 946
159 230 126
291 537 798
106 685 962
251 746 496
225 376 866
130 552 465
136 453 116
639 231 599
208 483 862
185 468 535
733 284 133
507 658 406
381 474 466
498 550 667
254 708 120
559 3 98
432 410 618
564 658 73
479 204 919
461 40 700
696 299 139
41 621 665
412 83 151
231 551 621
359 518 443
521 479 527
493 287 119
691 518 566
418 450 689
483 139 443
723 417 821
512 559 467
397 573 381
313 152 460
447 282 357
141 171 168
322 477 224
706 151 590
48 685 736
116 281 4
690 576 64
67 316 992
265 616 113
343 146 940
424 395 206
617 93 48
136 381 357
125 160 193
179 29 26
13 145 960
529 370 778
283 376 589
331 17 722
13 185 358
631 663 382
474 450 620
341 726 151
518 284 817
182 21 78
364 130 261
102 25 870
478 329 554
3 312 624
701 294 837
200 166 750
151 726 790
537 410 943
127 326 29
502 548 126
466 141 125
573 160 692
533 242 389
76 243 861
417 478 926
443 102 574
578 334 867
292 395 965
720 139 208
105 524 264
89 666 854
656 405 858
213 107 200
626 433 24
582 593 394
46 78 253
137 105 72
494 152 475
45 306 557
590 345 342
360 465 556
721 429 122
175 244 162
701 684 240
159 189 83
371 89 512
393 182 316
51 717 544
13 512 339
593 233 229
418 139 637
208 698 80
124 452 11
740 196 730
13 38 456
127 482 900
558 199 542
91 587 210
705 44 989
313 197 467
66 169 317
731 579 826
7 338 555
641 392 660
292 228 438
189 190 835
230 511 549
583 578 202
141 53 31
175 217 275
673 419 126
350 238 789
707 475 128
499 30 409
367 279 718
184 529 755
594 564 829
668 91 486
465 73 473
2 144 663
13 367 496
644 580 129
461 47 562
682 533 209
