1000 751 362 111 3 694
527 105 3482
690 302 2434
509 488 2974
417 633 898
409 632 3508
64 308 7931
16 736 662
37 167 5384
206 306 5309
56 4 7784
688 593 4373
479 0 8429
569 645 6799
90 350 2521
228 224 9632
464 716 2888
404 727 2604
473 497 6473
218 166 6165
6 458 5201
601 388 6369
623 206 7446
83 368 5615
475 425 4271
159 9 7304
431 621 3428
335 97 6029
536 64 262
80 684 6524
126 193 2412
521 35 4705
606 747 7492
573 42 6050
258 325 2568
422 328 5540
113 527 5600
574 58 859
312 235 1279
473 138 7321
59 671 4803
231 612 572
277 22 7923
126 137 9997
278 140 5830
302 469 6976
351 698 5203
241 697 351
84 301 803
94 537 8807
384 659 2753
514 330 8318
728 228 3947
705 368 3542
362 394 6635
499 98 8760
601 195 335
616 458 3146
288 724 2818
328 666 2757
16 509 9645
667 403 3484
674 414 6177
536 328 2964
362 391 9217
638 559 9220
367 345 8983
35 60 2550
96 741 8506
294 707 8393
568 665 1259
330 630 7379
351 211 9178
444 144 3296
166 511 6190
702 372 4663
688 115 1463
59 521 3780
661 673 3321
303 276 4606
587 94 6180
336 355 2179
585 106 4912
106 305 7998
508 460 9648
590 728 2554
561 369 2504
210 171 3335
562 158 2954
587 369 8846
338 144 8099
746 431 7722
170 734 8607
253 232 8334
460 317 460
621 180 1105
680 730 4346
585 532 2572
740 162 555
349 346 6717
35 56 7350
466 332 9332
368 126 9982
725 179 6923
362 743 5996
466 205 4947
262 454 286
351 501 9491
11 624 4515
627 408 1150
90 400 1532
645 261 8696
362 444 2420
9 604 5927
587 455 659
499 389 3198
229 100 3546
159 206 251
705 166 7644
4 535 298
216 513 4010
404 40 846
571 157 7247
193 72 6427
684 340 7335
409 42 8902
532 41 1817
512 306 3464
721 6 3941
9 26 3430
242 664 5627
232 351 164
705 495 7667
476 540 4719
263 141 5886
35 600 2369
382 274 3034
618 628 5517
146 95 1372
259 719 6214
86 165 4972
328 111 359
252 555 992
746 131 3749
431 50 825
510 715 9898
318 360 6340
142 77 5708
575 462 8412
362 622 3468
740 530 9851
532 183 1649
345 555 572
743 457 9246
409 262 8653
80 31 8982
61 132 5716
656 617 5006
148 364 979
247 486 7884
396 325 8977
193 450 3601
318 521 8126
311 678 7142
42 499 7530
671 250 83
446 690 8443
328 17 3352
141 569 1419
557 313 8408
346 326 7734
85 565 9408
308 443 4353
123 399 7563
9 63 7769
312 716 2723
167 583 3485
221 39 8680
3 84 8568
125 746 9097
436 40 3928
725 383 1041
399 108 93
417 454 7157
110 450 2198
42 16 8976
574 223 4982
577 567 7209
49 389 9452
140 351 4229
15 467 7924
743 25 8177
422 558 622
509 92 9801
682 369 8262
465 547 1323
690 75 3377
721 421 6626
686 518 5684
709 688 78
458 546 5761
618 490 1992
657 631 1098
458 90 5719
574 736 7166
322 465 7902
342 730 738
343 211 8685
61 571 25
167 725 5114
9 562 6307
105 333 486
255 715 4673
6 253 3130
409 294 499
9 111 9507
487 285 3907
680 24 3131
444 678 5276
446 311 6397
680 637 176
205 583 7605
308 385 8073
329 119 2732
197 734 9424
49 30 9594
288 200 2761
466 176 1863
459 72 8247
451 552 1921
709 568 6146
638 187 7881
458 333 1173
170 300 1794
688 242 3744
714 299 9537
539 578 4142
712 618 188
329 541 8989
86 590 3291
96 232 3253
258 18 2229
403 278 5894
147 538 5695
241 37 8138
503 698 762
580 206 7033
86 441 6874
4 0 9770
430 496 3071
214 541 2976
724 458 2917
170 610 7580
253 657 743
504 9 2888
141 456 9066
637 679 1118
571 360 5420
148 721 6571
703 198 6446
53 559 442
557 337 6508
458 264 5782
262 671 56
728 43 8283
750 278 279
606 282 4338
143 663 6445
261 727 3984
356 705 5736
414 455 9347
680 626 1064
119 694 6505
85 113 4165
211 443 21
462 122 8748
49 372 4226
105 113 3600
736 353 734
192 617 7600
444 224 8205
516 7 9181
409 84 2184
47 140 1641
216 262 4367
667 686 9093
568 475 5675
684 667 1253
575 141 8989
625 132 5725
519 147 1255
354 230 6637
702 730 9476
300 565 5720
464 128 7764
721 645 5920
476 427 6020
180 25 185
434 611 686
178 294 3154
746 400 7022
255 111 4526
218 487 6953
211 481 4235
532 647 3902
606 404 8124
690 78 5749
83 569 9995
85 538 9520
663 532 7948
436 77 3781
427 727 9338
463 399 7272
198 360 1096
292 38 6356
565 259 9166
674 262 5608
576 616 7254
241 369 8458
406 738 7
16 205 6742
728 198 3727
746 432 6699
290 572 9769
115 111 8905
681 532 1895
590 702 8990
728 578 7511
362 96 8199
488 271 9897
469 625 9166
84 460 1965
96 362 9701
534 245 682
278 229 4618
493 422 6048
547 724 7489
15 111 6875
690 472 5397
369 371 2038
474 549 8101
741 284 8073
346 547 3220
467 300 9826
94 663 4373
56 613 861
565 664 6986
288 475 1000
657 356 6984
743 618 152
80 215 595
362 43 6364
494 724 5678
292 382 7311
442 485 652
638 111 377
689 601 2492
536 338 677
58 615 6176
287 232 250
726 41 6334
50 695 6680
628 12 1002
406 59 8884
232 409 8576
680 579 2375
694 41 7307
668 431 3861
362 661 5348
333 178 326
568 397 3606
43 627 7042
733 3 521
3 585 1200
300 459 6720
610 290 3338
218 254 5917
13 307 215
666 646 3374
345 302 9593
302 147 1196
663 258 6643
623 638 5813
90 102 7931
527 277 3862
328 400 2651
205 166 6511
403 325 9113
61 336 4374
333 369 4170
431 654 6628
192 170 9925
657 720 7175
682 466 5258
146 342 7566
229 166 9669
582 199 1534
441 179 3301
712 251 3138
589 451 3113
577 99 6507
166 374 1094
175 216 6235
522 501 9808
401 80 4024
15 185 4990
211 331 5301
726 545 1890
674 111 7756
374 280 9920
657 110 6702
295 305 2574
580 204 6688
362 142 9482
15 733 4166
378 391 5747
300 536 9299
299 510 1372
322 266 9441
590 345 7888
20 134 4781
721 143 3964
642 508 2694
364 20 2314
504 187 128
258 657 9330
302 465 5976
41 593 3672
394 9 682
288 490 6958
626 546 2388
493 695 4368
126 351 7606
446 96 5149
494 271 8432
364 648 3478
328 750 9269
113 406 7169
378 361 992
606 328 3625
144 248 7524
148 99 5596
618 175 2992
464 283 4958
738 223 8846
164 661 8197
444 159 4128
308 750 2717
601 729 8745
647 504 6101
264 584 627
694 714 4411
110 392 4714
723 207 172
216 475 4432
431 522 5160
683 382 2490
479 187 2228
633 126 1237
146 197 3010
328 339 3268
409 655 6252
560 317 1264
538 698 4201
629 286 5407
583 247 8861
378 436 3116
618 566 4688
493 258 2506
666 436 7697
702 746 3834
568 0 4673
43 601 1331
354 4 1254
520 211 1248
466 111 7144
530 188 4309
195 721 8186
521 301 5073
553 292 388
346 534 4317
679 155 3385
574 347 8697
450 17 9688
726 137 4715
71 332 506
707 43 2184
499 375 5275
458 705 592
565 78 4905
446 555 4867
532 426 4147
560 16 4255
12 364 3237
322 346 2221
521 679 6830
301 663 5497
195 346 1847
705 210 7304
575 333 368
389 179 3345
479 661 803
84 541 6924
351 67 9028
362 110 7646
80 227 4314
431 3 236
459 117 1489
78 49 6220
192 521 274
618 401 8124
499 208 2259
43 349 8025
255 215 7779
159 536 6558
578 232 7362
200 312 5308
157 626 9586
582 44 7970
17 578 1754
369 472 384
431 723 2148
589 459 4350
725 362 4167
0 489 9051
687 303 5912
576 151 9704
77 137 6155
501 449 281
628 595 1293
532 218 7640
664 141 1037
253 315 270
325 0 3818
105 192 8005
460 47 4125
347 740 7085
330 293 6397
577 674 657
402 641 3058
567 610 3791
423 643 1961
80 460 2607
141 378 575
276 519 1078
42 402 4258
568 121 744
158 723 1289
224 322 9758
475 705 238
686 346 4049
140 466 5414
25 126 3537
595 479 8011
520 15 9549
375 741 2094
438 712 3986
637 500 1076
333 299 3538
146 300 3204
559 167 4747
162 2 7807
721 697 7054
710 199 1807
3 697 7243
532 644 7990
707 338 4837
690 680 6802
705 57 6261
3 175 1932
431 681 9092
653 396 7043
318 353 9332
627 515 3619
378 333 7946
587 45 9434
199 231 3908
287 627 7795
653 241 4900
362 61 681
64 282 2910
414 714 8811
680 479 3436
308 242 8006
706 727 2286
730 247 252
444 707 9948
378 233 5500
362 682 2623
661 539 4365
158 252 1793
532 53 2831
618 528 5967
489 748 482
735 531 338
367 199 4990
653 509 9921
743 595 7915
167 510 2246
400 703 5964
241 168 8872
96 272 5409
702 45 3466
431 423 8270
580 687 3342
623 743 5674
638 111 41
647 601 1413
308 522 2192
362 218 8778
356 493 3288
690 288 3551
43 735 3881
576 342 2347
297 263 1158
167 384 5004
595 583 4419
184 83 6650
60 323 4866
409 195 1772
694 111 5876
612 330 5500
393 272 8566
627 473 3962
362 40 2468
661 680 9723
421 431 3711
443 366 714
42 252 6371
674 467 2379
375 290 5922
578 725 455
714 629 3961
345 514 1174
147 717 606
259 516 5591
521 21 8364
59 690 7257
436 336 150
216 577 9486
589 13 2915
86 271 3307
232 292 7556
712 587 3902
736 697 2380
577 561 7410
687 308 319
258 235 6008
109 680 659
686 520 9008
629 324 7597
164 464 5757
481 87 2806
423 559 4329
617 361 3810
430 622 4926
450 162 5589
262 741 4360
339 243 8491
623 663 3458
83 735 6303
617 111 257
112 539 298
167 111 2985
725 69 3499
680 303 2526
71 49 4011
143 47 2843
403 250 1158
278 173 6088
126 626 5538
466 297 7875
184 124 8995
326 288 1203
242 489 9191
628 606 5704
141 364 4035
167 274 266
427 84 3768
575 726 135
90 705 6590
95 586 9908
11 477 5867
509 642 4676
657 599 9159
688 93 5740
657 590 1355
385 216 9154
458 537 6990
356 612 7004
573 539 6640
744 584 284
730 623 6294
494 688 2795
378 163 7264
400 125 6737
436 245 4829
476 395 7582
262 85 7806
330 39 1524
59 14 4610
401 571 2990
469 4 7147
465 476 5740
336 412 827
409 289 1281
750 654 7623
702 585 1581
420 376 520
338 675 3921
67 173 3606
214 735 732
326 214 8065
538 738 5129
657 409 3805
593 66 9967
575 111 7149
738 522 5508
586 241 2463
436 101 9525
684 738 9017
98 88 4717
661 653 4079
537 304 5951
241 667 2790
255 652 2084
555 189 5681
164 95 1726
205 6 7986
595 71 4072
283 352 9351
634 421 865
562 677 1775
105 17 3662
364 354 1571
67 201 4955
631 255 8471
335 618 6352
729 405 8951
175 434 3888
205 335 9348
444 437 6896
308 501 1053
497 198 8477
82 683 1821
678 596 2475
61 559 6437
474 700 2927
64 557 606
465 514 1808
690 587 6685
15 319 5133
683 291 7661
123 139 7480
216 147 8943
664 277 393
362 367 7394
516 487 3306
479 483 1014
617 197 1702
595 571 2691
707 734 6443
192 170 6555
248 557 4676
105 637 9925
714 131 6712
96 368 4400
595 200 1323
508 328 34
736 72 6375
378 534 5063
469 57 1244
368 464 1939
43 738 8603
536 442 9288
653 430 5560
254 148 8699
738 367 1446
431 709 5045
655 661 7474
12 295 3207
147 215 9622
253 371 5627
715 477 4259
741 554 7843
661 111 5435
459 653 3900
211 576 7894
199 631 5139
109 363 699
479 657 771
746 431 4109
705 409 370
13 287 6316
534 584 9968
694 10 435
475 94 6282
78 619 9721
85 499 563
395 595 4246
228 261 3932
308 356 4830
746 86 5777
77 744 7571
667 638 5556
642 341 387
583 512 6581
3 694 6758
585 144 3554
421 339 6070
530 84 6238
724 3 9397
372 231 9499
61 401 5698
607 551 5044
278 336 5807
235 396 4054
328 227 602
575 417 4725
735 388 3361
417 123 7938
401 90 9082
688 582 9300
159 87 8341
420 234 1944
532 474 4376
144 609 1783
308 56 9394
332 374 1006
362 42 8064
403 731 4170
322 406 8441
631 369 8312
647 560 8004
14 640 1912
123 634 84
346 284 8766
252 672 8252
353 243 2552
469 707 8272
735 404 1364
557 734 8792
501 706 280
35 422 3975
215 420 6374
85 574 3041
60 501 8194
715 494 7591
332 378 4615
6 96 2877
538 414 7366
295 207 2698
707 647 9537
162 651 9732
657 16 2879
583 342 9956
105 607 1090
255 254 186
750 216 5935
673 707 2903
318 219 2927
655 549 7649
96 236 847
141 683 1525
302 301 3373
479 549 2360
582 508 6093
617 173 2624
37 500 4444
284 255 2370
668 509 2219
345 674 5433
93 474 781
399 82 6694
362 326 3406
368 123 2156
367 236 8728
159 185 3623
738 11 80
712 492 9713
94 139 2011
92 96 1463
204 732 9200
642 403 3080
680 629 4957
241 668 7007
399 627 6112
664 27 41
333 64 3056
513 339 3103
84 408 7639
298 247 404
494 682 165
673 197 3447
454 547 2655
664 86 1039
362 520 1425
25 221 5321
690 746 6955
96 298 2776
9 477 4344
362 589 9252
734 253 9098
454 232 7375
571 485 8054
510 195 9138
146 588 3415
85 575 6164
707 718 9592
3 380 2765
197 552 582
113 483 2464
369 259 889
459 271 6282
746 298 7348
557 582 1995
345 18 904
102 581 4058
536 3 685
318 688 8742
299 548 3621
141 335 8516
575 58 9477
688 479 9115
421 194 9726
520 141 1215
215 134 5876
455 421 6739
362 28 6197
601 710 7850
746 469 7849
77 190 32
142 111 9070
571 580 5285
197 318 2095
604 446 5078
362 576 3670
631 471 9319
364 184 1526
736 105 4631
661 491 8916
126 109 7451
404 423 235
389 230 2927
230 503 666
514 427 7075
735 112 3271
707 689 8199
113 454 3573
481 202 2981
574 393 4804
356 415 4968
417 705 7232
623 329 4692
110 146 123
490 164 4233
509 167 3189
288 386 4652
28 83 1402
333 90 9353
94 162 6176
514 454 1453
43 241 8239
282 265 9275
653 96 7060
541 300 3018
705 64 7774
715 678 8416
538 460 1963
623 716 3254
661 683 9508
7 563 399
141 573 6465
362 438 9338
738 300 1349
707 638 1071
166 234 5654
476 499 3776
28 111 1374
707 49 2662
28 556 4632
688 463 521
579 39 550
322 319 2117
4 553 2051
396 96 8531
626 311 3584
744 539 4119
6 539 5139
532 344 9189
72 343 1941
344 706 1801
93 656 8879
705 125 168
587 452 3683
403 322 3304
328 255 4983
342 356 6871
714 71 3882
637 494 1809
308 175 6307
