1000 767 238 721 524 535
90 137 2795
355 195 5980
650 4 9089
711 235 4773
577 721 8514
311 608 7219
419 536 639
257 200 4121
214 634 758
418 577 4031
153 280 9983
509 454 1916
671 450 8810
526 188 7259
4 45 8392
153 407 1465
534 649 1898
3 670 7791
703 182 4869
324 240 7594
418 130 9992
575 692 9563
56 344 8630
323 505 1079
123 14 989
325 10 6063
336 696 5205
305 40 2805
483 398 4425
711 745 3842
56 381 3938
689 147 7516
42 161 5771
646 14 7452
597 636 8120
611 697 6398
524 314 5824
539 475 8761
584 439 822
225 588 6964
399 68 5558
637 699 277
93 501 4524
477 111 7426
326 302 6673
417 571 847
368 175 6069
635 723 5912
634 629 9
642 708 8229
348 721 2466
280 535 7395
7 541 6121
396 211 8880
563 442 1862
384 179 687
522 721 2336
89 720 5887
14 175 5062
247 507 5217
565 599 6560
238 352 7609
344 152 9481
703 38 655
309 271 330
567 409 6089
102 618 6558
584 634 5230
296 764 8287
214 710 6354
374 118 3428
655 653 1387
223 731 4791
413 257 5571
191 55 9754
238 610 2894
90 11 147
504 45 9556
340 744 4781
524 356 4989
381 78 1447
570 175 381
14 418 233
150 747 7836
191 408 5228
727 509 3008
555 90 1569
389 737 7052
165 86 3530
39 85 9239
439 296 4014
457 70 3870
653 759 7321
7 637 4610
42 762 5438
308 321 196
308 471 400
62 504 1360
286 570 3884
109 444 7466
378 537 4871
464 193 7668
692 547 3793
431 504 6383
292 435 3043
238 79 8861
450 505 3469
441 147 9953
423 721 8531
628 201 8673
59 247 6317
7 633 8980
130 176 3103
85 226 9309
378 583 2875
628 46 3393
206 725 9945
26 520 7104
276 539 9302
384 511 3146
584 562 1138
18 483 6623
175 147 578
629 750 2743
341 668 4718
155 531 608
239 678 4019
109 221 9906
351 325 3240
166 125 888
150 5 1299
678 711 4697
191 285 3916
85 717 6559
653 182 3387
724 61 4693
36 266 245
49 275 5279
238 410 6893
700 382 2166
624 83 3658
520 534 9985
748 628 9037
86 725 6113
268 721 2227
147 156 572
474 542 310
144 698 8986
542 753 5843
316 517 3162
622 157 4529
608 588 8420
333 236 7890
301 427 1838
325 586 5700
555 534 4043
509 56 1868
448 26 2560
137 381 8685
329 232 4317
123 25 8441
326 78 5025
79 51 4397
147 642 3974
167 514 362
593 248 1504
747 304 4961
298 44 4564
700 177 6604
210 130 5242
54 89 2639
5 46 6009
497 575 7716
279 498 4213
670 316 8430
547 488 4133
482 612 9557
83 221 8025
631 234 3850
432 201 7387
424 712 5534
206 48 8421
169 739 7823
198 242 1299
424 727 3865
486 85 1448
32 467 3937
435 637 818
280 153 3365
376 33 8408
539 246 3804
276 2 2504
610 522 5848
0 425 4793
214 309 6912
2 212 9683
33 483 1736
444 6 1436
149 150 6892
4 203 7003
319 360 7688
344 149 5591
601 649 6851
143 762 8415
29 634 2503
748 243 3951
633 726 1568
509 177 6969
671 721 1236
441 477 6439
372 707 2656
134 646 6061
365 513 2012
308 474 7449
447 612 5744
156 396 3080
227 638 9323
410 603 8945
729 601 6016
559 343 1607
300 611 2026
520 512 767
42 659 567
645 326 5731
262 646 2804
571 477 4554
316 97 836
511 202 9143
700 223 4746
691 705 414
747 744 4549
502 167 596
475 185 1182
201 601 7475
351 584 3727
634 68 5914
624 81 8674
148 457 1025
537 157 9183
622 358 1085
188 274 9688
215 644 1125
655 289 2114
161 97 5816
85 25 1954
459 747 5537
726 109 3859
405 63 7041
4 406 618
552 22 8048
238 478 426
693 725 8252
461 89 2986
309 466 736
651 574 960
315 374 5610
119 497 8471
276 123 9932
723 153 6687
525 599 4346
257 593 3599
642 435 3394
133 0 6688
497 501 2630
696 761 2020
8 182 7546
365 710 808
465 135 5138
44 28 7297
628 216 6422
699 581 3034
421 556 4470
485 584 458
345 430 8630
335 389 7261
296 573 6402
177 717 5564
384 356 5408
129 376 8494
698 433 9669
584 742 4333
398 561 1088
570 29 6524
156 487 1122
434 445 5861
403 468 2091
315 750 1664
560 351 7833
238 597 8105
573 422 7400
483 20 2750
399 430 6104
42 709 8807
38 721 3382
488 418 3307
247 222 6084
52 23 8005
157 673 1473
611 598 6213
68 156 303
247 103 7286
693 711 1779
318 721 7763
245 89 277
468 705 6346
44 633 2658
294 721 8908
724 457 3747
182 702 8157
516 126 6670
764 191 4935
41 267 9026
243 537 1537
654 698 586
238 153 769
280 405 9303
405 378 2311
390 381 9109
191 62 435
257 485 735
653 72 3984
763 109 1421
504 691 7131
70 721 1003
237 369 806
372 20 8346
40 365 8820
433 724 8829
254 364 579
457 237 4721
729 83 4574
97 403 3158
405 85 7311
398 88 512
332 663 8969
707 378 7154
245 495 7380
88 477 9744
142 344 6013
631 33 654
134 7 5021
147 444 6823
175 433 5326
555 643 5749
324 165 2760
530 521 1895
668 529 7518
146 698 692
555 646 8244
655 505 3435
10 731 4234
466 129 2131
336 188 98
89 214 5557
750 646 4349
10 362 9477
696 221 5061
650 367 9055
248 667 5316
149 626 174
465 622 2124
8 697 1305
563 535 6681
524 625 2328
153 624 545
286 109 4286
701 245 8675
294 216 8614
44 361 1202
377 238 3252
710 329 4184
649 522 9454
664 567 8273
568 296 2364
598 654 9646
525 571 9993
146 412 5303
355 655 7828
435 536 4097
403 683 8821
175 669 4110
610 262 8865
292 721 5195
763 140 3502
723 319 4709
109 367 2988
152 244 4949
556 411 4080
603 160 7081
654 94 4883
221 724 5711
238 584 6868
0 682 2551
419 198 1182
6 580 5961
742 524 5793
469 482 9184
314 423 7172
535 520 4208
286 279 9123
377 421 9016
85 243 3041
727 369 9193
507 119 8896
750 692 2343
14 568 2562
645 39 7752
405 7 9057
475 369 1531
329 323 4010
571 729 4745
452 59 1399
464 131 1869
374 689 4462
584 212 1349
70 571 1323
125 563 292
581 465 5623
565 136 5270
747 399 3074
123 178 973
332 171 7804
358 261 7157
154 608 3395
428 308 7176
762 653 1548
25 696 8162
646 690 1601
82 268 1236
318 530 8108
398 632 9867
85 392 8520
90 722 37
97 608 5740
10 497 2983
524 648 2851
649 190 1033
175 313 906
382 655 6580
405 486 6427
190 669 9201
655 340 9966
83 242 9819
177 259 3754
471 474 1467
601 558 1446
257 367 6326
345 507 6071
731 737 5989
647 483 2798
731 80 624
77 188 6530
476 620 4868
509 439 2176
524 535 9200
203 707 2634
29 558 5964
158 159 5845
246 183 3340
166 418 1936
239 433 8918
18 116 1254
223 141 7755
89 101 6941
45 502 2923
85 9 4131
381 338 9515
352 559 3526
59 52 1404
332 619 8102
125 539 3996
507 370 8603
444 143 5720
711 747 8204
599 530 8920
562 424 9124
122 157 1024
313 429 5047
552 8 7571
392 727 340
417 190 5704
744 721 4421
709 214 5833
751 414 2330
86 108 3858
325 13 1798
394 213 9592
328 448 2164
26 721 1550
428 714 1796
741 294 8592
240 570 8128
14 348 4593
325 368 3828
486 525 1820
238 728 1739
616 227 9807
143 187 128
528 721 6639
724 764 8295
364 528 8638
701 664 8481
412 588 2425
667 392 2021
27 719 9703
296 377 1995
742 210 5713
412 320 4498
177 514 4743
367 211 7351
29 359 2735
86 77 6984
745 101 1760
418 594 7450
470 309 7897
477 394 1661
328 88 3784
268 518 321
703 405 6844
705 441 5875
536 534 2505
137 740 5405
485 412 4913
669 55 5098
149 9 7654
51 616 2309
389 342 8722
671 300 3866
378 146 5645
292 122 2241
70 283 5582
57 104 5339
573 721 5672
542 742 8475
139 122 4059
342 555 2220
653 155 6028
626 166 157
238 99 1630
409 318 8863
571 546 2637
85 488 4156
18 295 4922
135 524 2602
102 563 1000
143 451 2533
57 418 385
685 721 7546
485 565 935
223 202 6272
439 85 5141
693 449 6030
106 278 4991
238 423 5820
10 671 4402
30 301 5850
573 693 69
633 209 5538
122 637 4351
323 417 8255
716 434 5392
254 673 8344
650 222 5628
235 42 7415
318 99 1737
238 311 2735
368 19 6088
393 627 5380
403 231 378
704 473 9831
340 370 4448
433 751 6175
701 335 6719
144 495 6159
652 709 8225
664 225 2590
238 239 7908
150 10 7680
536 292 2194
178 425 3568
764 96 5521
301 727 6810
433 584 4066
512 57 2394
89 214 4152
210 712 2510
267 371 3407
471 187 4661
664 243 4337
555 635 858
659 573 9690
48 588 2739
759 254 3670
238 14 1922
33 452 5976
182 433 2448
524 223 5904
247 398 8160
147 142 8544
603 555 2496
729 447 6748
513 355 8115
237 374 2391
70 149 2198
14 464 3850
394 479 2228
368 392 4706
236 721 7472
146 518 8126
428 413 5820
79 419 1542
360 234 4272
46 257 942
380 454 9071
762 465 6153
238 355 5472
85 627 997
658 509 8393
226 486 7560
203 659 3953
559 215 8812
559 631 8363
109 647 1273
239 315 8799
649 313 3913
471 268 6823
166 263 2872
474 560 7778
123 31 9431
528 437 4753
509 380 394
325 324 1640
473 176 5834
709 499 2666
748 204 1793
616 722 5416
372 319 9213
664 341 293
14 287 3129
439 127 7464
572 117 9611
729 507 7050
345 332 9532
739 236 9631
637 664 2733
268 172 6826
2 49 4667
221 627 4149
352 390 3022
298 415 575
238 54 3670
378 741 811
340 606 2826
39 248 8579
511 751 334
607 726 1928
511 78 3113
516 408 8136
298 336 9815
202 1 5159
355 578 7686
381 747 5735
555 68 3343
244 41 6832
5 721 2928
495 14 810
504 216 6397
744 145 5058
573 134 5823
130 586 3529
671 184 9548
276 325 3686
396 203 9092
214 642 4850
262 325 8615
238 316 7485
280 182 3551
99 607 8197
106 3 1577
85 298 6069
324 547 2727
89 435 866
578 306 6101
565 643 9573
707 524 9760
146 86 3327
380 497 7180
90 148 8069
594 146 4165
137 131 3291
392 371 8380
520 457 3871
409 328 9992
368 6 4251
588 106 1252
629 625 3486
711 732 8647
6 358 9476
651 7 5035
323 650 6623
663 588 2515
86 36 5875
414 234 5181
21 42 4098
88 314 7170
530 149 2189
238 378 4310
477 110 4703
268 105 9814
751 701 6369
134 474 6644
278 517 389
530 716 634
700 442 9636
685 105 4481
320 415 2671
316 279 7662
317 721 9389
502 93 3561
505 170 7827
619 751 4923
588 469 1681
109 97 4093
394 721 7070
153 141 9639
309 215 8206
243 4 444
634 235 7931
27 622 6559
699 166 1891
119 178 8540
584 431 2080
71 748 7938
595 317 9609
70 584 399
144 531 9439
343 393 6853
720 376 5030
457 161 5399
333 695 3850
731 166 7651
221 102 9348
238 433 1868
130 350 930
707 506 9724
191 18 2526
244 89 2460
729 634 1338
193 562 8605
238 10 1496
469 658 423
745 305 9755
737 368 972
536 441 6165
594 42 3141
398 721 2675
30 331 1220
129 649 4310
131 586 2714
316 363 5149
166 602 5337
83 174 1893
286 459 4152
433 488 5237
70 247 8492
629 721 8823
406 286 8297
522 742 5872
159 85 810
352 740 5070
108 389 6354
483 389 5871
485 584 5066
584 51 6684
85 745 7920
451 752 8261
98 607 6036
226 560 5620
77 304 7303
652 90 8006
705 547 8050
430 703 662
728 280 2752
10 563 6509
14 721 8986
87 748 4141
333 654 5785
206 109 3387
280 704 4498
637 191 3688
238 364 8939
450 316 4967
148 559 3783
77 344 5389
86 71 4399
342 305 932
486 202 9564
534 302 8192
742 98 4516
396 49 5627
280 404 724
369 698 6245
653 6 389
38 123 4566
99 459 1108
505 669 6305
726 457 1858
423 345 6160
238 474 6577
90 44 8379
316 114 8241
368 36 3460
653 556 1835
547 531 9577
577 326 4095
722 510 9676
655 109 9872
744 82 3064
356 149 983
90 552 4761
364 651 5887
150 333 3847
360 18 813
377 419 7532
159 152 5023
513 62 7792
117 71 2149
434 384 213
134 210 809
215 351 5317
294 700 5930
296 70 8974
575 158 8104
209 206 4844
478 652 1622
382 698 9718
246 432 28
399 742 7401
762 454 8953
599 350 8378
238 286 4036
468 75 2677
720 611 874
238 21 7637
654 32 3487
439 0 1746
581 247 4685
292 257 8352
471 340 3004
627 699 3773
750 25 9895
152 169 739
403 468 3423
698 345 8920
560 133 6462
279 476 5950
599 728 1266
13 318 2475
71 699 429
638 409 2912
369 243 6590
314 526 2456
539 150 6127
563 451 9179
555 530 9095
575 668 2963
739 666 3785
118 721 1657
153 129 5696
227 308 3639
750 166 9061
650 314 7729
637 71 3106
161 329 1868
477 186 8578
389 107 9431
597 595 8121
470 450 3973
603 412 1675
234 2 2415
497 536 4292
709 319 2148
143 633 8382
237 484 4550
389 329 2179
93 763 6350
130 335 7278
169 735 210
163 497 4342
190 69 402
502 721 2817
238 555 9292
243 154 4348
109 650 3710
433 38 821
608 398 7189
81 7 792
343 649 7293
476 276 9379
547 87 8107
191 763 8455
332 383 3943
457 79 8837
166 156 7303
329 225 3458
619 761 755
570 610 6117
318 516 759
153 372 7404
430 365 2314
177 486 1831
295 750 4639
39 382 3485
380 234 2580
504 344 101
200 60 3110
292 71 7410
344 599 3014
669 262 1186
0 488 3469
535 410 6261
461 315 6421
42 650 6764
247 18 4794
239 178 2306
652 664 4174
728 537 4079
108 27 6071
444 342 9743
332 309 5664
4 42 3976
467 390 2766
151 240 5744
393 294 4183
279 467 5101
563 430 5695
659 553 5061
486 764 8238
150 44 5108
315 701 591
748 721 1557
149 450 8042
70 249 4554
441 721 3079
117 101 3163
534 332 6703
410 30 213
454 191 2871
729 280 3534
702 146 3185
40 57 4876
342 139 5148
751 747 3161
392 56 4213
319 650 6713
384 46 5834
280 572 5603
238 509 5356
584 581 9565
524 86 4942
134 422 6549
669 519 2006
510 134 9918
530 461 6196
118 140 2536
223 721 8822
335 148 918
320 335 2990
392 272 8587
18 495 3033
536 581 4722
619 685 2202
588 108 1353
636 4 2190
597 645 5838
634 167 8643
378 680 8862
351 584 7069
221 393 4889
720 470 1853
278 671 6271
238 721 930
477 32 2392
25 292 3906
345 703 4780
739 477 3430
242 163 49
389 428 6186
457 379 7398
193 705 1040
257 708 8854
647 652 4033
664 629 9638
238 384 597
319 151 2665
83 547 5447
188 348 5287
716 682 5497
62 144 211
9 127 644
