100 79 52 29 72 53
55 75 1
32 76 1
71 32 1
44 15 1
26 69 1
39 55 1
5 48 1
48 7 1
69 45 1
8 20 1
57 1 1
47 1 1
62 17 1
31 34 1
48 35 1
29 60 1
8 48 1
5 78 1
77 7 1
20 41 1
8 21 1
56 51 1
69 37 1
32 19 1
39 49 1
57 50 1
72 8 1
77 24 1
20 69 1
5 57 1
3 26 1
32 58 1
37 77 1
75 79 1
23 56 1
51 2 1
20 71 1
32 62 1
5 4 1
8 0 1
8 55 1
2 24 1
30 39 1
32 24 1
31 71 1
75 54 1
23 24 1
48 76 1
54 22 1
30 3 1
31 44 1
3 22 1
7 32 1
31 61 1
60 71 1
22 45 1
32 60 1
7 34 1
2 68 1
32 18 1
22 62 1
48 2 1
7 47 1
54 3 1
72 11 1
72 66 1
72 77 1
3 14 1
48 30 1
51 69 1
20 8 1
24 78 1
24 3 1
47 57 1
39 16 1
20 32 1
44 22 1
78 53 1
75 31 1
26 58 1
37 31 1
57 60 1
62 48 1
75 59 1
26 75 1
32 31 1
22 31 1
52 72 1
8 24 1
75 6 1
37 50 1
24 10 1
50 5 1
32 4 1
44 53 1
62 23 1
31 55 1
32 61 1
48 45 1
7 35 1
