100 78 48 67 18 54
1 47 4
47 3 2
63 75 1
50 42 7
77 15 10
47 17 9
41 4 9
38 66 6
26 38 6
77 65 4
25 70 10
58 50 1
4 69 1
77 23 7
2 4 7
58 51 9
75 28 4
6 35 8
2 55 3
3 60 4
12 32 10
15 21 3
75 33 2
69 77 10
30 60 1
45 77 6
62 24 10
47 54 7
5 63 5
18 46 10
42 71 5
40 54 5
41 49 5
31 47 8
50 59 4
42 16 7
8 12 5
77 6 6
69 56 3
22 37 4
49 1 7
16 31 4
27 41 2
25 27 4
77 9 10
39 50 8
47 32 2
10 2 9
28 30 5
30 31 1
30 20 10
32 56 10
60 71 10
63 16 3
60 10 9
75 27 9
16 8 4
47 42 5
47 22 2
35 41 6
15 58 8
31 73 7
66 39 6
14 47 5
50 30 3
41 3 3
23 4 10
45 40 9
28 13 8
52 60 7
48 18 2
14 45 7
16 45 9
32 62 2
4 69 9
17 12 2
2 8 6
77 2 10
71 23 10
4 2 1
58 19 6
4 39 4
18 5 6
18 19 5
40 16 9
31 14 8
2 63 8
12 40 3
67 22 1
31 14 1
37 26 7
2 42 3
5 4 9
59 52 10
45 21 8
24 25 8
15 8 9
2 20 2
69 30 8
60 30 4
