100 29 8 25 16 2
5 29 22
16 20 43
16 4 90
5 20 49
5 22 83
15 12 54
5 19 47
15 29 24
5 21 29
5 14 81
16 9 54
15 26 27
16 26 79
10 23 21
10 17 62
18 23 13
5 1 3
18 21 70
27 9 62
15 28 75
5 0 59
10 12 86
27 16 67
15 20 64
16 12 11
15 7 73
16 19 90
16 13 49
5 7 82
27 24 46
16 22 70
27 19 68
27 28 89
15 5 93
16 29 11
18 23 81
10 16 3
5 15 24
15 7 20
18 14 35
15 13 51
15 13 5
27 19 88
15 18 13
5 26 2
8 16 87
16 9 19
10 2 9
18 16 98
27 16 55
21 2 97
10 11 30
15 17 62
27 29 12
27 29 76
5 22 34
10 28 39
27 17 86
27 21 1
15 24 88
15 1 31
18 22 91
16 9 60
18 13 88
15 14 68
15 5 65
15 0 78
10 21 72
15 6 82
15 6 27
15 6 36
27 11 90
18 7 56
16 5 37
5 2 32
15 18 67
7 21 68
18 4 50
15 23 11
5 12 11
10 1 64
27 11 3
16 13 9
5 3 35
18 27 48
27 10 44
15 28 92
27 16 75
10 7 43
25 9 88
18 27 87
5 9 5
9 7 39
16 5 71
15 10 15
16 3 19
27 5 59
15 20 47
15 2 20
18 23 16
