100 95 75 82 6 2
69 24 70
10 77 609
10 5 141
75 93 869
60 9 178
15 30 550
78 2 366
41 89 80
16 69 233
93 31 877
55 90 51
59 38 338
16 4 750
9 36 490
80 83 451
13 3 900
92 7 561
75 6 76
53 63 560
83 1 825
22 61 629
53 86 201
4 38 311
16 71 143
1 68 627
47 93 456
36 87 689
16 36 362
75 39 532
60 1 290
4 52 74
27 34 151
80 41 117
45 48 313
45 55 227
63 15 720
47 2 557
75 60 246
93 82 254
75 4 528
2 36 624
39 27 29
9 84 338
20 37 556
41 60 67
86 22 814
72 13 906
10 66 146
23 82 518
48 78 794
2 12 150
45 91 917
83 10 470
18 60 946
36 78 64
34 46 184
2 82 876
34 48 767
9 47 394
36 0 913
4 27 145
12 16 658
38 45 373
34 48 214
13 56 690
80 16 53
75 38 276
48 20 832
75 53 407
2 66 319
34 82 248
55 67 82
46 41 161
53 42 790
15 23 237
23 32 208
60 82 492
27 18 372
16 82 783
39 59 92
80 38 481
4 90 70
15 27 685
53 65 138
6 2 414
13 47 129
75 12 810
77 38 209
24 92 126
93 48 18
41 78 348
77 23 693
12 93 862
75 72 653
47 82 516
38 34 583
93 80 827
38 9 880
18 39 744
20 4 931
