100 71 61 15 12 47
17 5 8990
12 27 2606
46 5 6008
69 42 6839
69 30 2865
17 46 719
15 64 7620
43 17 9622
12 5 9249
60 65 6665
43 22 1399
40 47 3976
60 50 1801
69 58 8460
69 51 8247
22 58 7929
43 66 2655
12 18 4879
17 34 8568
61 12 7515
60 37 4701
5 22 8357
16 25 8160
46 5 1950
12 27 1028
22 43 1681
43 70 1962
69 55 7760
60 27 647
0 69 880
69 57 2247
12 17 5995
0 56 7490
27 38 2356
51 67 6914
64 47 9181
8 29 5673
17 1 5197
27 51 4925
12 3 1944
5 50 969
27 0 5700
69 50 6145
12 18 8906
8 16 5520
22 13 3194
40 66 9684
22 35 3352
16 47 8990
16 51 4359
22 0 7388
13 66 6672
12 19 5707
69 8 4131
69 33 69
60 12 6916
40 36 5304
12 28 1554
12 26 7945
5 41 1416
17 6 1143
8 11 9144
27 9 4676
60 46 2591
8 34 3333
22 7 6419
40 58 7778
22 63 667
22 3 3297
13 2 2198
12 46 8691
12 22 8407
69 64 7017
16 47 4082
12 33 3577
5 10 2965
13 2 4159
13 43 877
17 28 7948
60 16 373
40 58 7389
12 34 6870
46 1 6879
22 8 6212
5 60 271
17 2 6653
51 40 6742
12 68 2545
8 13 4165
12 11 6758
60 11 9083
16 7 9612
60 71 3749
40 22 1131
16 64 6082
69 29 2352
40 36 7054
17 1 4398
5 28 7959
5 22 3992
