1000 880 24 77 61 469
458 183 1
111 857 1
245 289 1
255 864 1
813 430 1
270 243 1
386 205 1
166 611 1
874 8 1
227 295 1
637 422 1
281 688 1
645 788 1
245 848 1
170 168 1
539 681 1
90 757 1
210 450 1
35 384 1
610 563 1
90 517 1
744 218 1
245 636 1
681 206 1
335 737 1
865 226 1
370 0 1
325 76 1
285 656 1
364 376 1
275 642 1
531 697 1
206 749 1
531 708 1
270 680 1
20 231 1
134 702 1
146 189 1
229 542 1
570 244 1
376 115 1
548 439 1
401 55 1
32 636 1
780 331 1
673 452 1
625 647 1
874 513 1
576 836 1
658 175 1
53 117 1
547 458 1
331 713 1
443 681 1
639 380 1
327 586 1
53 493 1
165 410 1
387 614 1
200 810 1
740 285 1
578 708 1
549 185 1
458 764 1
495 826 1
727 80 1
735 50 1
137 31 1
275 768 1
516 424 1
841 703 1
460 422 1
740 208 1
31 675 1
609 510 1
44 158 1
821 387 1
32 58 1
603 228 1
804 537 1
433 872 1
20 443 1
837 857 1
445 97 1
827 581 1
782 629 1
812 393 1
610 32 1
443 187 1
780 574 1
480 260 1
758 783 1
383 819 1
547 624 1
847 690 1
348 561 1
466 573 1
656 228 1
832 499 1
710 476 1
370 235 1
758 426 1
268 144 1
734 602 1
355 702 1
624 276 1
262 576 1
634 622 1
297 639 1
158 799 1
297 377 1
730 107 1
663 381 1
840 809 1
593 782 1
734 804 1
86 459 1
212 665 1
539 645 1
410 479 1
20 629 1
86 197 1
556 714 1
252 348 1
107 46 1
77 31 1
31 260 1
646 179 1
427 35 1
223 646 1
826 805 1
401 435 1
451 362 1
373 872 1
255 501 1
703 413 1
548 821 1
878 206 1
319 30 1
837 241 1
53 147 1
796 354 1
653 360 1
521 185 1
644 434 1
71 705 1
410 141 1
210 617 1
522 613 1
878 430 1
658 585 1
348 108 1
60 852 1
466 276 1
841 744 1
710 661 1
146 579 1
654 90 1
445 757 1
210 445 1
717 147 1
573 50 1
186 864 1
364 371 1
780 133 1
656 782 1
371 30 1
105 169 1
778 281 1
14 675 1
32 446 1
722 797 1
521 234 1
627 578 1
237 641 1
726 340 1
336 835 1
336 573 1
56 711 1
858 854 1
44 229 1
111 833 1
463 413 1
327 240 1
337 689 1
149 663 1
371 474 1
586 700 1
226 710 1
556 128 1
681 869 1
865 744 1
580 628 1
463 877 1
456 454 1
158 395 1
580 31 1
55 79 1
720 165 1
527 626 1
390 270 1
443 588 1
595 75 1
285 139 1
500 514 1
826 740 1
480 555 1
522 177 1
173 634 1
837 784 1
610 820 1
478 221 1
744 68 1
193 91 1
845 255 1
242 7 1
698 749 1
587 463 1
413 652 1
617 213 1
250 580 1
531 831 1
61 297 1
166 260 1
357 460 1
878 722 1
275 463 1
506 425 1
414 665 1
580 156 1
690 469 1
137 413 1
521 595 1
52 219 1
140 71 1
672 804 1
716 851 1
331 438 1
255 728 1
595 38 1
726 428 1
281 143 1
348 351 1
472 416 1
180 457 1
170 389 1
414 521 1
669 738 1
212 11 1
841 109 1
170 272 1
210 50 1
233 604 1
654 210 1
645 379 1
327 592 1
80 183 1
672 766 1
858 169 1
735 547 1
59 333 1
200 737 1
31 400 1
158 232 1
698 490 1
588 833 1
360 498 1
410 570 1
658 713 1
669 746 1
710 296 1
495 832 1
583 851 1
82 168 1
635 49 1
522 837 1
333 385 1
354 134 1
610 463 1
576 823 1
463 337 1
282 647 1
59 235 1
669 206 1
757 94 1
730 481 1
654 46 1
549 384 1
782 635 1
319 284 1
757 820 1
8 644 1
652 69 1
319 671 1
495 360 1
707 115 1
654 404 1
240 101 1
559 185 1
82 332 1
641 675 1
627 805 1
820 427 1
55 799 1
180 45 1
268 180 1
865 273 1
437 26 1
786 792 1
71 401 1
757 18 1
264 847 1
786 290 1
730 539 1
373 548 1
55 761 1
268 875 1
821 519 1
297 587 1
364 385 1
500 285 1
31 65 1
274 660 1
387 571 1
702 451 1
82 507 1
59 374 1
490 166 1
458 754 1
199 585 1
427 496 1
90 109 1
707 503 1
354 453 1
364 840 1
851 376 1
149 849 1
434 144 1
857 587 1
146 255 1
698 755 1
255 614 1
226 339 1
858 848 1
585 414 1
288 443 1
255 761 1
170 662 1
387 361 1
634 137 1
569 752 1
445 512 1
492 424 1
727 340 1
553 501 1
517 364 1
578 59 1
111 56 1
641 116 1
52 192 1
141 336 1
799 862 1
170 730 1
161 166 1
173 793 1
340 242 1
376 279 1
780 515 1
478 129 1
361 462 1
107 857 1
778 47 1
862 406 1
314 73 1
38 332 1
832 44 1
117 793 1
539 635 1
260 212 1
327 576 1
716 786 1
552 248 1
233 627 1
297 424 1
297 28 1
735 815 1
255 819 1
821 213 1
31 239 1
796 382 1
726 627 1
552 395 1
349 569 1
711 188 1
140 96 1
198 799 1
14 539 1
548 151 1
782 349 1
361 492 1
385 583 1
832 314 1
654 330 1
35 260 1
376 86 1
345 486 1
226 438 1
162 256 1
141 339 1
187 355 1
556 210 1
8 521 1
862 253 1
170 605 1
585 482 1
758 465 1
52 80 1
653 814 1
827 795 1
673 260 1
576 65 1
412 656 1
340 698 1
210 26 1
593 491 1
771 717 1
20 494 1
52 522 1
414 314 1
503 285 1
586 649 1
631 2 1
500 741 1
52 176 1
717 562 1
758 563 1
549 224 1
722 631 1
357 681 1
360 348 1
348 262 1
646 101 1
639 654 1
395 500 1
354 786 1
206 142 1
711 371 1
82 780 1
527 245 1
117 291 1
349 668 1
348 398 1
587 373 1
206 674 1
335 858 1
595 750 1
681 535 1
481 128 1
517 812 1
617 39 1
681 355 1
437 223 1
852 596 1
726 398 1
229 227 1
481 11 1
456 191 1
24 61 1
852 356 1
570 662 1
32 812 1
527 73 1
170 878 1
646 197 1
264 386 1
587 201 1
726 175 1
331 357 1
762 390 1
492 367 1
735 526 1
576 772 1
665 110 1
665 854 1
274 617 1
282 827 1
501 609 1
720 859 1
206 704 1
342 593 1
206 693 1
413 871 1
654 505 1
137 335 1
141 631 1
385 450 1
547 200 1
424 764 1
585 281 1
354 672 1
110 518 1
65 90 1
146 386 1
198 657 1
223 115 1
275 68 1
443 665 1
673 669 1
758 506 1
486 372 1
270 441 1
413 89 1
395 861 1
804 200 1
14 744 1
827 517 1
61 249 1
193 100 1
486 585 1
370 121 1
240 1 1
253 635 1
336 244 1
796 549 1
2 783 1
250 444 1
466 269 1
8 99 1
696 340 1
61 473 1
65 758 1
427 377 1
370 585 1
478 170 1
830 157 1
652 279 1
827 334 1
140 168 1
61 55 1
134 455 1
764 176 1
726 622 1
570 8 1
559 685 1
603 328 1
595 142 1
845 362 1
233 294 1
325 874 1
150 412 1
146 261 1
651 105 1
726 197 1
253 392 1
443 540 1
319 486 1
8 342 1
86 67 1
834 169 1
150 742 1
660 506 1
260 131 1
336 159 1
386 771 1
874 585 1
804 830 1
481 778 1
226 558 1
65 827 1
547 530 1
681 224 1
681 609 1
414 492 1
332 60 1
228 149 1
549 865 1
865 726 1
59 225 1
443 251 1
137 588 1
782 469 1
651 648 1
476 342 1
813 707 1
587 193 1
810 179 1
769 158 1
726 121 1
228 351 1
113 664 1
516 641 1
422 162 1
113 173 1
834 837 1
150 666 1
35 159 1
757 750 1
412 787 1
200 670 1
653 577 1
501 332 1
460 311 1
552 456 1
639 136 1
593 254 1
672 322 1
206 20 1
200 168 1
492 517 1
260 257 1
764 651 1
874 577 1
492 255 1
730 267 1
766 624 1
503 48 1
242 444 1
744 582 1
769 720 1
639 204 1
726 516 1
749 130 1
865 863 1
771 200 1
90 31 1
371 23 1
486 577 1
390 339 1
458 443 1
245 452 1
486 86 1
727 289 1
830 623 1
297 634 1
826 65 1
578 415 1
340 559 1
387 629 1
170 668 1
517 5 1
56 704 1
710 193 1
831 145 1
60 5 1
169 637 1
466 580 1
170 573 1
336 64 1
758 433 1
111 335 1
314 766 1
644 324 1
48 150 1
570 300 1
445 172 1
333 174 1
252 237 1
757 95 1
744 350 1
851 134 1
503 476 1
186 552 1
580 874 1
827 299 1
586 230 1
59 383 1
270 698 1
371 680 1
812 749 1
680 574 1
569 625 1
261 114 1
362 503 1
613 586 1
340 723 1
200 179 1
648 576 1
820 842 1
31 769 1
697 740 1
348 431 1
669 52 1
827 250 1
186 252 1
412 518 1
161 783 1
570 281 1
390 69 1
200 654 1
260 464 1
413 779 1
492 847 1
588 834 1
651 2 1
830 113 1
252 423 1
340 278 1
652 274 1
240 53 1
271 553 1
281 196 1
837 750 1
180 365 1
516 268 1
268 200 1
641 878 1
470 734 1
510 288 1
463 398 1
827 357 1
180 142 1
113 293 1
635 552 1
840 478 1
134 527 1
635 446 1
480 199 1
264 354 1
319 94 1
348 762 1
780 669 1
90 273 1
460 816 1
170 516 1
740 14 1
268 587 1
648 568 1
730 376 1
458 880 1
651 157 1
38 226 1
218 556 1
837 412 1
437 472 1
360 308 1
558 273 1
443 246 1
434 571 1
427 593 1
845 521 1
837 480 1
646 369 1
255 249 1
351 370 1
834 696 1
345 757 1
285 105 1
624 469 1
161 224 1
771 20 1
506 478 1
337 192 1
645 56 1
587 150 1
588 180 1
786 727 1
646 331 1
240 645 1
865 247 1
170 497 1
166 198 1
586 735 1
281 264 1
758 128 1
252 317 1
32 87 1
219 373 1
150 517 1
490 660 1
531 99 1
325 310 1
226 679 1
506 228 1
228 125 1
668 722 1
766 106 1
593 172 1
180 791 1
433 282 1
831 574 1
470 416 1
663 470 1
735 80 1
314 557 1
245 291 1
427 827 1
503 111 1
641 562 1
14 161 1
242 401 1
588 597 1
717 522 1
297 523 1
460 481 1
297 272 1
240 67 1
140 455 1
831 140 1
413 368 1
586 688 1
521 842 1
134 625 1
576 568 1
262 673 1
261 186 1
585 271 1
830 212 1
459 558 1
434 331 1
568 521 1
764 627 1
364 263 1
387 73 1
717 514 1
559 489 1
452 610 1
110 325 1
297 425 1
173 767 1
198 336 1
780 751 1
332 30 1
65 524 1
669 540 1
210 510 1
517 551 1
412 744 1
261 478 1
569 716 1
837 840 1
689 716 1
548 152 1
376 466 1
240 563 1
193 796 1
90 462 1
387 510 1
717 639 1
558 645 1
80 845 1
625 853 1
200 204 1
134 271 1
874 613 1
456 841 1
173 161 1
697 542 1
762 140 1
758 215 1
32 205 1
654 304 1
559 481 1
274 116 1
199 107 1
658 393 1
86 761 1
60 649 1
857 204 1
170 88 1
240 359 1
237 826 1
256 264 1
749 262 1
766 292 1
762 500 1
335 657 1
573 14 1
624 821 1
617 223 1
722 141 1
500 319 1
596 813 1
463 257 1
383 437 1
361 872 1
437 167 1
624 715 1
711 383 1
336 659 1
568 824 1
821 700 1
492 523 1
778 111 1
242 85 1
516 50 1
696 766 1
480 80 1
834 497 1
837 175 1
585 235 1
71 476 1
383 628 1
478 345 1
656 658 1
360 71 1
627 375 1
593 350 1
107 89 1
697 21 1
757 344 1
506 831 1
424 834 1
641 439 1
242 47 1
274 504 1
255 408 1
516 505 1
460 503 1
669 167 1
2 495 1
260 170 1
821 730 1
516 148 1
199 235 1
460 146 1
797 271 1
206 203 1
134 669 1
595 675 1
758 393 1
645 351 1
576 484 1
252 399 1
780 549 1
634 791 1
749 205 1
53 269 1
625 720 1
349 672 1
758 518 1
634 395 1
193 799 1
55 727 1
481 770 1
242 347 1
336 613 1
275 689 1
117 653 1
758 597 1
501 294 1
245 595 1
858 275 1
517 333 1
492 875 1
852 813 1
531 328 1
212 572 1
810 65 1
275 233 1
878 626 1
348 181 1
571 134 1
744 727 1
766 663 1
140 616 1
345 531 1
460 380 1
680 242 1
734 345 1
845 112 1
61 29 1
351 485 1
268 34 1
262 90 1
697 826 1
180 82 1
297 875 1
558 841 1
722 384 1
539 157 1
596 83 1
851 462 1
749 333 1
206 795 1
726 517 1
59 845 1
137 543 1
556 468 1
427 40 1
857 237 1
20 847 1
2 285 1
149 98 1
165 243 1
617 613 1
121 327 1
851 811 1
782 520 1
180 268 1
227 333 1
354 76 1
583 223 1
740 805 1
812 515 1
32 750 1
472 603 1
580 450 1
580 188 1
517 36 1
200 112 1
