1000 289 269 242 283 223
117 264 3
154 83 7
154 262 9
100 70 8
272 210 6
92 226 4
76 39 6
187 114 2
44 53 3
69 270 1
55 91 9
25 200 8
277 150 3
246 196 1
271 129 2
82 117 8
100 105 1
206 38 8
91 266 6
195 68 9
109 31 6
146 33 1
71 129 8
152 250 10
84 275 9
42 47 7
187 110 9
77 180 9
194 268 2
109 43 7
182 201 3
135 26 1
261 214 2
122 224 1
124 171 9
266 10 5
122 118 1
243 181 1
216 261 2
145 122 8
95 78 8
82 3 9
221 78 10
271 121 2
268 258 9
19 220 1
49 253 9
68 255 2
233 195 6
121 64 8
44 154 4
167 59 9
101 133 7
267 170 5
192 247 8
101 270 3
192 153 1
249 9 4
30 71 4
33 67 4
262 150 10
140 145 1
231 12 4
145 160 3
167 107 3
259 15 10
0 63 8
0 2 1
155 74 6
13 182 4
47 120 7
228 145 6
50 86 3
271 66 7
267 124 1
86 170 6
224 259 8
69 121 2
258 42 10
56 289 8
76 229 4
84 1 2
128 208 9
158 221 6
145 16 3
203 186 7
98 92 10
231 92 5
238 219 3
153 111 1
62 96 7
247 282 8
156 65 3
270 178 1
232 10 5
66 82 4
196 272 1
71 120 8
2 49 2
62 138 9
150 180 2
64 200 3
71 200 9
271 124 7
247 57 2
259 79 8
185 215 10
27 212 10
112 281 6
104 41 2
105 188 2
154 44 10
114 276 1
249 51 1
268 203 9
76 122 7
124 140 3
246 267 10
238 249 3
44 24 1
228 31 6
117 263 10
188 268 4
195 27 1
47 94 4
235 231 2
267 275 3
47 127 1
173 8 3
126 187 4
261 270 8
199 36 9
246 210 6
196 107 9
190 185 3
44 237 10
134 216 4
242 60 4
190 68 3
228 15 3
112 79 10
69 265 1
128 263 10
195 45 9
150 35 6
9 153 2
71 234 6
143 179 4
83 237 8
104 71 10
57 87 3
128 122 7
194 19 6
74 94 10
253 110 5
261 77 9
158 38 6
145 266 1
64 223 5
231 65 5
188 97 10
283 214 8
106 273 2
106 19 6
156 190 7
156 128 4
259 231 2
192 251 9
18 243 1
153 49 7
221 67 4
74 37 6
270 177 8
192 213 10
199 100 7
115 86 8
119 108 6
91 128 3
74 277 5
134 271 5
240 238 3
135 192 8
167 73 5
145 136 3
235 226 3
21 86 2
152 52 2
92 80 5
190 155 2
261 68 8
158 88 2
257 112 2
10 186 7
215 249 3
253 6 10
206 33 3
200 153 4
150 8 1
277 236 9
133 274 9
210 259 9
35 185 5
30 58 9
221 169 10
76 175 8
125 238 9
27 266 3
196 53 10
238 221 7
210 62 7
19 29 4
273 56 2
44 92 9
246 274 8
40 159 5
185 111 9
131 194 10
135 222 4
143 42 7
17 259 2
35 284 10
82 143 4
249 20 8
126 216 2
287 40 1
10 171 4
199 31 5
92 15 10
101 223 2
115 279 3
122 21 7
20 47 8
126 166 10
19 154 4
155 1 1
272 192 7
167 213 6
0 108 4
62 125 5
235 63 3
134 215 6
259 44 4
143 147 1
110 140 3
91 44 3
186 221 6
192 276 10
22 67 1
116 240 6
218 207 3
47 77 3
105 24 5
105 8 6
204 221 7
117 125 2
189 159 3
226 119 8
243 228 10
13 14 4
206 30 6
62 38 5
21 196 7
197 115 6
116 256 1
235 207 6
167 87 5
152 183 2
173 14 8
247 272 10
277 37 9
80 180 9
74 162 4
150 156 2
233 68 3
128 22 8
78 19 9
215 127 9
25 98 1
57 131 8
155 88 9
0 69 7
233 7 5
40 56 1
143 132 7
66 134 8
246 125 9
185 74 4
268 187 4
84 126 4
234 12 1
237 214 7
50 282 1
158 182 4
145 144 1
83 266 6
155 197 10
35 180 10
117 50 3
261 128 7
247 181 3
167 75 8
153 2 10
237 153 5
228 49 8
215 228 5
262 35 7
80 141 4
189 287 3
234 122 3
15 23 5
74 21 5
232 16 1
287 138 1
152 164 2
186 122 8
91 20 8
277 152 9
258 36 3
203 82 5
152 114 10
15 65 7
156 86 5
56 189 3
152 206 4
13 207 8
21 157 6
268 179 4
64 61 7
109 210 8
105 202 1
199 236 5
126 257 7
47 213 2
78 265 1
173 233 10
235 81 1
167 223 9
21 35 7
13 275 8
82 207 1
64 54 4
195 223 8
199 167 9
78 91 1
133 262 6
259 184 9
196 185 6
167 287 2
207 282 9
188 110 4
134 96 7
206 157 9
42 143 7
155 140 1
221 179 4
77 29 1
122 46 3
100 144 6
266 136 10
122 206 1
143 101 1
62 200 2
121 1 10
15 190 6
235 221 7
15 254 9
188 80 8
192 17 10
287 88 4
121 137 1
281 35 7
109 280 10
155 185 8
276 282 8
71 160 9
30 122 9
133 60 1
34 56 3
134 53 5
105 91 7
287 175 8
259 141 6
152 53 3
18 67 2
109 25 3
133 10 9
188 183 2
100 76 1
117 158 2
124 210 5
42 25 10
152 160 4
66 221 7
21 248 2
84 239 1
188 247 4
84 94 10
261 237 7
268 289 10
247 70 9
137 50 10
100 219 4
118 255 9
50 227 5
257 232 5
277 48 9
221 274 7
287 96 3
210 220 1
66 266 5
112 276 4
247 149 9
133 174 9
126 276 1
247 13 5
106 161 10
261 172 8
232 254 2
137 267 7
258 54 1
255 237 4
50 45 6
152 106 10
287 94 5
84 78 6
47 163 9
272 57 5
140 188 3
114 26 2
86 12 9
100 124 9
186 83 2
92 104 8
173 187 5
74 126 3
247 238 6
25 75 7
62 96 2
128 146 5
144 18 8
98 105 2
62 158 4
116 250 4
145 215 5
152 144 5
109 164 8
160 105 3
150 181 2
186 105 7
76 264 10
134 102 9
287 183 2
189 43 5
247 13 9
52 133 8
155 258 6
74 237 10
156 215 6
64 94 7
272 126 5
185 255 10
240 149 3
68 186 4
271 33 9
246 268 10
13 118 9
56 287 7
173 149 10
259 240 2
62 92 9
185 72 10
232 197 2
50 101 8
187 175 6
270 49 2
153 69 3
115 145 5
206 214 3
155 280 2
157 107 4
210 22 3
76 52 6
266 223 8
228 279 4
145 1 4
140 228 2
74 152 10
231 43 4
270 209 5
188 201 5
182 189 9
221 91 6
58 197 9
221 155 9
221 166 9
92 236 5
100 284 6
35 157 1
186 181 6
271 52 8
206 134 6
238 25 1
13 43 10
180 90 2
105 272 9
224 39 8
152 235 1
187 114 4
224 59 4
257 56 3
240 171 3
133 264 4
122 7 10
167 47 6
0 227 6
109 92 1
105 253 4
137 136 7
268 15 2
86 152 6
95 267 3
40 93 2
246 211 1
31 261 9
287 288 9
76 199 2
203 84 8
55 69 10
187 76 4
77 42 5
173 229 6
153 240 5
74 225 8
56 149 9
18 194 5
216 189 7
109 129 4
56 286 5
199 238 8
15 29 1
144 100 9
84 207 2
56 16 10
80 22 8
180 259 7
216 70 1
154 254 2
224 282 8
238 17 10
283 70 2
63 188 6
232 123 6
271 14 3
143 50 1
170 34 7
21 102 4
143 236 2
281 105 10
137 94 5
249 5 9
101 258 4
212 58 5
80 124 6
273 182 2
192 38 7
154 49 1
74 235 7
50 33 3
272 30 4
140 194 8
44 188 4
203 23 10
116 170 1
135 166 9
30 63 10
258 281 1
224 259 1
69 238 4
104 106 7
0 78 7
25 43 7
135 219 2
133 119 3
17 234 3
17 275 4
145 114 1
56 145 2
264 118 9
182 135 9
143 236 6
158 251 9
62 145 5
13 278 6
115 102 10
262 180 3
128 266 5
276 83 7
56 243 6
95 100 1
218 186 2
203 22 4
266 55 9
259 48 5
283 43 3
224 141 5
232 32 4
49 231 5
150 35 4
187 268 2
88 264 4
259 185 10
206 16 8
83 229 2
17 40 2
152 55 10
84 80 9
158 5 7
47 101 9
133 96 6
112 103 1
76 72 8
282 226 2
173 155 6
231 183 4
155 287 3
192 251 7
10 31 1
13 125 6
69 10 6
259 262 5
247 125 9
144 260 1
168 17 9
124 101 9
187 158 9
91 116 8
187 150 5
133 62 3
42 68 8
237 204 6
143 232 3
206 174 4
63 77 2
143 198 1
210 127 4
231 4 1
56 202 5
199 157 4
235 10 4
18 258 10
234 77 8
10 61 10
74 272 9
128 217 8
71 196 8
195 185 8
9 171 3
1 249 4
276 71 5
233 255 8
218 56 8
84 210 6
65 27 9
152 154 1
143 114 7
246 107 9
78 81 10
188 82 5
134 109 9
143 52 4
69 2 6
31 55 6
67 267 1
199 203 3
133 236 7
0 168 3
277 133 8
243 77 6
231 11 8
182 71 1
68 223 5
76 126 6
122 40 10
133 28 5
253 98 1
137 64 3
78 141 6
71 200 1
80 233 1
115 97 6
253 67 4
247 46 3
277 137 5
206 102 10
261 190 8
206 147 9
201 146 10
122 181 3
228 178 8
122 203 9
13 49 1
122 131 2
10 220 7
180 73 9
196 12 2
276 104 6
262 271 8
243 214 7
9 247 2
218 241 3
154 101 10
277 164 9
194 129 5
35 177 2
246 277 6
224 254 1
101 197 1
63 57 5
114 115 7
270 29 8
145 159 2
155 111 10
272 2 2
15 278 6
35 52 7
180 4 3
21 169 6
224 152 8
0 229 4
199 279 2
69 287 8
84 107 2
224 87 9
246 102 1
126 194 4
44 286 7
128 213 10
35 128 2
156 155 5
62 38 3
135 47 10
109 257 2
91 90 9
114 286 1
74 41 5
95 137 7
257 62 7
228 261 1
64 88 1
195 280 7
47 282 2
134 89 3
246 0 7
270 257 2
153 51 9
91 210 10
63 285 8
127 110 7
134 173 2
109 197 2
128 95 5
231 197 9
134 237 5
246 140 5
234 95 6
203 158 3
95 49 6
9 216 9
50 54 1
105 259 8
144 31 1
235 111 8
62 277 6
133 30 4
131 239 5
50 205 8
249 240 8
196 174 9
145 67 8
152 88 5
71 173 10
232 111 2
82 96 5
262 110 8
22 233 7
101 226 4
271 252 3
76 238 2
145 128 5
133 137 5
135 176 6
215 84 4
219 182 10
91 271 6
246 83 9
69 20 3
276 259 10
133 15 6
112 64 4
121 179 1
84 106 1
82 202 10
100 228 8
108 125 3
145 219 7
185 194 8
232 263 1
107 218 8
144 11 9
82 20 6
269 283 4
199 102 3
84 110 7
126 193 2
167 208 9
189 30 8
216 15 3
192 165 5
155 92 5
206 257 9
124 1 5
22 115 1
156 18 8
216 255 2
18 218 3
128 18 8
137 256 5
47 198 2
55 89 1
144 277 2
121 81 1
272 69 5
283 258 5
271 243 7
84 114 9
128 3 1
13 82 10
259 202 6
215 130 2
195 188 8
240 40 1
133 174 3
50 94 9
259 111 4
60 25 2
114 168 4
105 259 7
150 182 2
224 14 1
283 167 8
228 135 9
192 271 9
21 210 1
168 198 10
210 106 5
82 148 6
173 85 6
91 24 3
62 238 4
218 229 9
155 38 1
150 124 6
78 223 6
272 244 5
238 27 2
21 100 4
180 144 4
156 113 2
117 265 1
112 219 2
101 278 4
78 7 9
21 195 3
66 182 4
155 285 3
9 173 6
140 150 6
134 138 2
185 149 9
167 48 5
192 66 8
267 213 9
114 209 4
78 94 4
271 49 6
13 104 2
152 50 4
156 86 2
86 273 7
44 250 1
128 170 2
17 57 2
78 21 10
9 154 10
158 33 7
18 264 6
158 100 6
122 0 1
47 174 8
259 25 6
64 285 5
276 213 5
232 246 5
267 278 3
135 35 7
182 34 3
115 76 7
21 24 4
134 274 2
150 79 2
234 106 5
182 137 6
224 143 6
194 185 10
276 289 9
44 6 9
150 246 8
117 150 9
154 118 2
68 115 1
68 168 4
10 185 6
180 154 3
152 27 7
44 227 4
66 163 4
232 155 8
276 259 4
155 12 7
143 112 7
78 166 6
137 190 4
272 164 3
190 270 5
224 287 1
168 8 2
257 130 5
186 30 2
140 16 6
235 132 2
258 131 3
101 138 6
115 224 8
235 224 5
233 11 4
22 72 6
9 230 9
95 104 7
106 39 4
195 225 10
105 247 10
25 116 5
196 268 5
49 152 4
44 223 2
66 118 1
276 277 2
158 145 8
17 41 3
152 3 8
158 115 4
186 37 10
47 247 10
145 47 6
91 30 9
21 125 5
185 145 1
167 17 8
272 278 2
145 173 2
105 201 6
22 221 9
247 145 9
143 120 6
44 144 1
257 255 4
186 272 10
135 92 1
158 2 1
266 86 10
283 115 8
173 84 9
143 282 4
98 52 7
281 117 10
237 26 9
189 157 2
101 229 3
68 286 8
196 212 2
100 181 1
155 57 9
57 62 3
188 231 7
287 205 1
168 80 3
235 15 6
232 262 3
194 203 9
231 74 7
