1000 918 198 637 209 622
340 780 18
451 161 8
562 501 59
89 874 87
562 202 10
113 593 70
466 419 96
464 375 96
590 443 72
220 557 63
57 360 65
368 452 52
360 772 60
8 779 5
101 866 25
61 723 40
134 377 89
470 746 38
737 478 14
353 62 66
800 759 6
596 358 66
880 547 44
436 27 91
208 905 13
789 362 100
513 384 62
475 828 42
845 798 81
795 393 2
866 861 46
259 612 15
416 67 1
6 113 7
215 778 32
587 214 81
88 28 55
358 148 15
75 699 44
670 442 80
587 279 70
699 579 35
150 307 80
784 625 38
240 619 7
196 541 1
530 826 2
24 197 44
138 567 88
559 697 94
903 795 42
14 754 71
636 388 49
793 372 17
804 391 73
102 466 27
460 490 20
699 878 71
2 414 20
421 759 39
360 780 13
726 709 26
90 587 78
780 235 14
561 238 89
6 101 46
458 388 6
644 562 65
388 795 70
236 87 55
528 593 26
50 20 31
57 657 13
503 774 89
16 163 89
405 322 16
134 521 79
541 226 85
848 816 91
60 91 16
853 16 50
852 392 86
798 183 14
577 691 92
670 841 77
479 684 48
165 180 65
814 611 55
576 378 48
453 314 30
756 21 13
601 864 34
357 671 78
340 251 9
452 185 15
755 430 91
616 471 50
164 730 44
194 680 45
307 800 95
24 875 93
6 242 26
795 61 50
14 329 11
630 277 34
599 539 82
28 809 80
576 165 65
194 665 74
547 217 46
315 622 89
17 847 84
540 735 96
10 899 88
916 661 94
297 649 42
71 784 79
199 320 29
209 841 45
443 285 99
852 239 59
400 282 74
30 464 91
220 796 38
756 865 99
530 340 99
567 716 4
671 765 45
86 587 6
318 783 49
302 667 13
142 828 6
506 335 15
372 602 21
10 909 12
547 322 49
737 734 87
699 794 35
209 323 2
16 817 92
125 527 64
345 559 30
2 859 68
23 399 29
466 802 75
565 55 34
699 748 95
506 400 80
819 70 22
407 448 31
859 495 80
505 443 98
726 75 13
616 339 20
202 793 88
625 890 99
184 427 41
815 715 30
907 248 69
883 506 22
215 830 18
440 705 72
30 316 81
475 851 1
835 762 71
27 291 42
481 688 73
498 228 29
87 902 47
380 605 80
187 257 13
580 120 75
666 615 79
479 535 49
199 416 6
436 621 33
308 804 42
16 871 31
793 848 66
272 746 55
370 393 29
367 428 97
596 774 68
852 201 45
493 482 18
440 70 100
32 387 46
544 458 83
75 823 82
30 199 44
385 196 40
853 343 34
52 691 91
676 289 87
183 179 44
266 585 50
244 523 72
272 142 34
624 766 16
14 845 12
114 373 40
269 709 49
909 590 86
628 165 55
167 497 67
286 162 46
554 153 74
784 433 50
113 580 70
440 591 45
214 482 56
167 771 50
778 601 54
303 389 56
509 36 52
161 561 57
274 793 10
671 168 36
194 809 41
466 832 52
191 258 39
23 405 48
135 78 10
765 883 20
453 114 61
577 107 26
752 421 64
481 673 15
315 848 36
757 784 53
193 903 41
185 509 68
747 848 96
269 757 76
193 288 21
762 851 25
513 755 85
199 429 65
17 345 73
183 297 4
30 31 64
499 577 85
476 578 85
800 695 45
400 824 77
835 60 9
307 260 62
694 476 94
782 728 95
443 694 23
782 680 18
451 366 82
6 465 52
501 840 4
302 881 80
204 397 27
114 156 33
239 324 78
458 492 43
162 97 56
883 4 39
224 464 12
453 878 25
209 215 9
376 614 65
470 372 63
613 534 90
198 209 52
887 544 18
167 695 19
671 339 7
135 149 65
340 30 12
102 233 24
809 261 30
737 391 78
636 303 75
56 507 58
844 752 59
770 437 76
845 52 27
162 606 73
481 706 52
88 370 18
2 429 87
298 8 27
578 59 52
501 660 51
509 853 17
107 166 28
42 191 43
780 536 66
336 38 61
274 747 24
261 144 100
811 272 16
102 593 51
274 318 45
513 501 37
32 725 40
258 4 84
384 811 75
24 134 38
215 90 77
906 576 70
261 776 75
670 286 22
577 282 97
481 862 21
261 138 53
286 429 65
470 753 15
61 624 97
379 96 94
414 366 68
309 513 57
625 50 48
578 294 48
514 95 95
612 207 29
752 403 94
451 369 96
693 233 34
697 757 41
181 283 75
742 21 22
113 842 28
470 157 93
784 32 100
21 676 82
421 556 40
384 606 92
317 509 27
52 912 80
257 666 7
699 74 66
916 675 89
10 31 91
860 348 94
470 633 58
804 460 26
179 669 4
701 672 41
14 740 56
114 264 69
240 385 43
286 617 22
771 259 1
670 162 76
514 594 85
183 462 57
239 190 64
382 10 46
414 404 89
193 285 71
336 609 20
662 540 47
498 367 41
400 144 20
361 71 27
862 770 36
367 454 62
587 402 56
107 896 87
17 418 11
809 504 12
87 297 74
6 190 53
50 668 23
62 878 89
535 68 45
681 696 44
107 528 96
10 239 97
544 715 78
554 916 13
350 815 87
415 773 53
408 878 52
302 347 67
804 292 10
770 864 13
269 0 72
199 854 18
757 498 67
916 298 88
876 547 69
6 532 45
135 917 2
490 456 77
505 388 8
875 68 19
368 542 17
33 789 66
804 670 96
27 199 28
264 350 84
590 1 42
196 528 9
773 622 68
462 95 62
353 208 57
596 105 24
784 453 84
244 769 81
595 408 28
903 636 94
737 782 42
32 287 59
556 759 72
61 2 27
138 128 82
695 245 15
58 319 54
601 382 62
89 31 90
159 49 89
214 872 37
612 353 87
18 752 78
612 669 67
282 712 83
722 429 52
728 244 36
748 366 47
335 281 17
128 349 87
190 263 14
380 313 9
695 898 90
852 587 60
114 661 5
699 245 50
681 879 25
499 180 68
251 440 5
286 840 29
589 607 63
18 353 63
724 220 100
165 481 38
102 429 55
539 240 38
453 431 84
380 153 29
589 838 84
509 64 48
544 451 13
669 493 6
358 725 90
58 737 37
789 89 93
187 144 65
134 258 24
737 572 56
624 600 39
90 609 30
476 95 37
547 628 61
107 200 68
317 445 85
755 187 5
778 206 7
693 590 23
40 547 61
601 568 40
848 913 46
239 240 50
209 758 92
539 216 76
336 72 39
835 642 93
770 881 19
256 798 26
454 263 4
470 596 8
197 365 79
348 30 15
221 499 84
847 819 24
408 14 85
90 208 72
783 898 65
624 315 14
648 380 11
746 782 66
693 367 99
798 449 38
514 666 39
286 778 72
159 357 33
378 73 81
513 113 25
25 605 28
269 913 5
499 730 80
605 6 22
861 483 15
258 197 63
303 549 95
353 101 69
818 756 55
2 554 25
73 765 26
482 167 64
471 293 8
71 132 49
91 45 54
695 403 11
220 189 34
824 276 76
824 844 30
88 902 69
113 724 11
190 348 65
493 701 92
214 734 43
388 443 76
209 147 45
514 737 58
52 253 72
784 520 6
819 774 26
318 66 20
150 716 3
614 376 30
576 815 84
535 510 50
783 18 28
385 482 42
453 855 87
226 155 35
266 599 97
453 458 42
442 107 52
637 434 94
95 383 66
722 740 15
780 23 45
722 461 96
883 160 81
263 155 78
190 883 94
832 180 32
735 876 2
253 497 22
220 595 65
784 868 23
528 836 52
561 589 75
452 463 17
184 139 19
746 737 31
88 724 58
565 792 70
771 407 30
90 329 96
757 343 38
602 211 7
828 818 30
676 22 7
597 887 8
475 655 22
907 86 79
185 856 68
596 370 24
580 528 34
396 468 7
671 880 21
577 469 14
602 748 77
458 522 57
451 354 50
32 503 5
302 714 74
266 870 61
28 596 64
454 373 94
452 608 4
208 587 83
503 860 38
746 649 66
226 50 93
154 888 42
215 902 69
669 681 74
185 150 54
697 352 83
860 194 100
414 1 11
23 94 83
261 26 60
360 396 17
503 681 71
298 475 100
807 124 95
124 135 85
272 801 7
90 21 60
809 75 52
609 874 15
849 771 26
726 484 44
380 353 12
236 413 33
804 695 96
226 255 94
294 493 78
248 780 64
471 614 16
154 101 30
400 598 34
488 789 16
800 423 44
128 149 28
577 164 65
559 298 81
906 23 28
859 693 94
253 724 42
589 625 41
614 84 6
577 900 70
567 268 1
724 859 35
793 70 86
149 530 19
336 724 43
22 436 28
737 154 8
726 880 22
101 110 16
434 221 10
587 848 62
499 723 62
140 173 70
442 326 31
372 358 85
149 283 16
277 696 38
107 538 57
40 667 69
648 320 62
298 812 95
615 906 39
528 367 93
815 577 58
248 542 2
635 616 59
91 114 4
89 570 18
549 121 81
440 747 76
556 868 34
624 589 72
272 164 61
87 826 59
194 337 58
155 321 24
215 160 60
4 24 62
795 547 61
248 916 96
215 88 62
396 659 58
671 266 53
376 40 48
397 23 30
214 741 17
101 390 38
347 394 27
184 631 48
875 868 19
281 887 27
907 265 39
565 173 1
60 314 45
628 852 99
184 393 14
762 635 22
228 368 44
209 271 42
429 490 14
748 373 15
90 150 51
303 85 61
251 875 15
50 670 1
875 211 10
479 368 27
644 917 7
224 648 96
501 526 95
90 779 11
405 196 21
883 702 75
388 891 17
436 521 97
135 212 97
852 154 88
853 791 20
481 878 55
597 270 2
845 413 64
576 286 64
828 136 53
193 66 77
238 909 19
726 143 100
86 471 75
770 439 12
183 22 54
407 697 80
256 648 29
676 484 18
414 357 36
379 671 82
57 416 27
798 41 25
358 338 94
896 159 2
506 283 86
294 136 45
32 334 45
187 221 51
340 473 86
505 814 44
258 822 67
470 568 9
181 272 46
784 717 76
795 872 67
783 702 83
190 93 20
317 27 40
215 809 77
95 794 26
673 552 61
795 825 10
505 658 61
124 509 90
849 232 12
27 910 80
887 795 15
613 181 95
616 363 86
896 303 33
297 762 50
737 498 49
648 264 3
167 17 47
197 57 13
722 353 70
194 644 87
86 190 74
408 886 46
676 454 17
95 204 25
10 335 2
916 140 77
498 337 62
589 757 52
544 652 57
612 818 41
780 317 47
783 563 54
615 186 57
264 450 94
33 261 89
400 377 33
602 361 38
40 514 82
22 762 2
277 504 41
596 561 78
317 444 67
238 160 34
784 818 1
628 597 87
196 373 3
561 256 70
317 673 12
224 381 83
828 630 47
32 687 47
724 475 83
789 56 91
567 807 51
345 591 49
384 125 46
32 451 26
547 415 92
756 183 20
407 166 30
611 629 52
789 849 1
15 294 89
778 418 83
277 248 83
505 802 32
453 897 36
726 852 33
220 491 22
244 904 17
266 443 52
614 419 69
400 454 68
676 563 22
609 2 2
179 269 49
315 767 12
370 308 39
635 310 53
819 414 25
372 646 18
88 55 13
244 302 42
695 77 44
121 855 55
699 828 15
266 655 92
615 380 53
269 61 62
596 592 29
16 903 82
552 91 75
125 236 95
784 488 62
89 906 55
635 861 48
630 636 47
269 62 54
462 184 44
499 68 65
68 673 56
454 209 36
164 345 53
155 13 93
266 400 67
8 61 42
15 28 68
240 269 81
456 662 35
357 612 44
43 450 53
824 331 56
453 255 2
484 43 71
798 257 11
832 907 24
756 242 42
388 373 25
16 118 31
140 669 54
256 274 64
501 407 68
196 387 4
875 742 3
450 565 36
259 190 32
624 868 95
10 84 49
595 765 34
795 722 5
50 193 51
375 624 27
814 281 13
539 15 53
121 597 38
286 432 99
96 161 44
482 4 91
375 165 7
612 788 31
866 842 62
224 401 32
155 501 28
780 26 63
795 67 46
358 782 92
286 436 96
348 651 91
878 25 32
671 740 9
22 323 52
712 488 74
67 335 75
442 535 8
400 866 20
514 190 59
88 810 3
576 647 5
107 300 41
589 544 41
17 690 31
693 125 75
878 901 89
16 630 48
466 412 99
134 122 3
722 490 46
281 244 3
155 892 52
226 499 24
470 32 72
742 596 74
180 618 17
209 679 81
556 835 60
167 816 8
388 239 43
400 33 42
618 256 54
535 172 99
460 22 60
771 293 99
16 220 15
514 875 63
238 567 82
565 613 98
277 93 32
184 613 99
236 197 54
694 318 2
811 442 5
811 847 72
414 665 86
615 295 29
60 574 50
298 157 78
25 710 74
238 401 67
199 723 62
340 73 32
701 4 86
614 842 13
367 890 72
357 88 52
907 265 71
862 112 10
154 336 90
811 558 63
58 75 72
204 216 27
909 638 89
184 379 62
6 810 18
159 824 55
440 900 98
414 620 74
481 272 16
347 578 50
436 589 8
118 384 17
90 406 54
482 174 92
644 910 18
257 593 18
819 222 73
755 223 64
789 411 87
695 470 99
861 755 90
681 118 37
464 139 10
89 726 50
848 102 70
317 282 92
722 671 48
67 411 69
694 665 64
378 827 21
844 378 69
407 262 31
770 795 93
95 330 71
142 475 32
629 179 58
385 670 11
162 309 19
849 39 17
625 473 96
199 622 37
507 42 51
96 479 28
366 224 74
866 633 44
259 161 84
589 47 91
258 16 17
135 505 26
372 778 37
746 544 18
460 250 57
452 84 19
396 89 98
340 579 47
728 274 56
770 58 83
552 746 71
