1000 772 295 432 287 745
586 173 298
686 80 406
699 320 701
329 125 324
255 243 282
593 575 333
758 269 455
582 654 75
538 414 85
165 676 916
382 252 684
339 329 988
390 152 992
558 570 593
103 522 561
168 767 444
81 634 381
467 717 908
149 506 209
696 490 856
199 40 296
382 368 68
580 638 340
368 745 988
75 327 963
294 337 889
421 42 928
171 629 53
700 448 558
591 389 352
379 512 466
360 392 287
252 748 912
165 420 806
533 413 144
611 707 957
707 594 982
324 308 549
149 636 943
422 182 494
711 257 982
459 717 476
94 208 769
30 648 703
368 249 905
230 237 523
660 88 920
357 146 616
645 648 492
577 701 156
275 549 339
630 71 609
470 673 601
381 40 293
549 75 935
94 530 11
227 602 641
128 342 955
530 683 484
611 553 489
495 699 68
238 532 212
165 716 840
407 85 379
468 610 838
199 117 758
331 643 714
528 529 23
185 282 603
484 604 948
670 379 693
212 710 413
583 383 199
603 356 159
377 234 469
43 427 250
395 467 593
94 331 426
377 684 696
65 561 113
762 426 315
297 222 351
77 498 240
324 610 702
71 500 28
349 156 833
462 518 636
568 5 143
586 640 433
170 348 196
287 451 689
548 765 547
549 163 741
42 354 14
712 462 100
704 248 172
161 670 792
486 559 875
133 494 975
495 364 78
223 675 419
558 260 488
144 508 600
228 388 150
603 342 647
595 101 198
368 245 84
689 56 377
660 410 412
67 708 511
570 230 721
484 737 569
696 355 266
574 425 400
349 220 53
555 599 511
737 297 458
433 483 858
603 204 798
57 25 42
360 90 79
476 41 151
625 92 254
744 561 460
23 196 329
232 65 965
65 413 209
450 623 738
260 519 735
502 243 359
311 344 625
161 270 579
648 458 114
308 740 156
232 752 467
324 177 177
320 603 789
82 723 68
22 700 597
681 731 445
519 123 5
235 609 716
201 644 663
99 660 514
397 217 926
433 23 567
307 155 455
168 533 692
437 265 605
689 89 558
433 593 320
23 752 170
670 395 600
224 103 816
574 548 884
670 631 328
235 89 933
369 507 464
754 190 448
52 264 400
142 125 649
391 561 20
739 445 183
320 691 339
568 282 927
547 607 832
621 479 183
150 308 313
621 749 205
216 227 321
583 500 221
752 537 356
338 505 497
674 581 771
427 705 604
21 526 418
421 408 584
459 600 662
308 273 783
116 48 331
382 479 391
142 493 955
426 29 290
493 415 705
519 175 56
415 600 429
707 327 204
390 537 498
723 752 995
223 25 193
485 436 238
603 103 611
22 496 551
536 423 772
345 399 840
223 152 224
749 538 93
574 403 878
512 710 956
445 770 469
85 241 797
20 735 917
734 755 210
360 204 72
534 303 562
69 725 358
212 298 444
675 523 955
730 74 438
61 390 861
493 638 507
317 569 897
212 254 276
508 339 415
692 319 379
37 307 679
23 312 872
506 331 632
171 621 909
555 73 18
391 586 318
548 382 214
607 149 974
437 317 767
358 762 698
674 166 196
238 450 113
217 423 19
260 457 615
448 424 965
85 570 855
427 199 821
714 501 623
725 547 371
170 756 887
448 286 533
711 205 501
266 105 599
237 149 161
163 31 675
696 754 85
470 339 142
435 27 740
612 558 359
675 734 459
470 715 658
138 463 994
498 695 420
625 674 15
165 343 26
255 60 481
206 527 664
670 149 170
711 641 39
42 393 825
255 546 905
450 37 446
444 122 726
31 164 422
249 131 746
396 709 540
643 15 449
484 41 684
77 724 680
623 43 160
348 681 387
649 506 503
346 190 139
674 648 145
595 94 916
648 603 998
480 217 926
450 150 862
249 739 211
465 283 579
52 193 199
220 362 832
451 51 223
558 282 329
254 696 531
437 745 552
643 139 93
399 394 310
716 22 397
468 602 517
237 703 59
275 704 835
103 492 85
560 473 907
560 648 243
266 147 47
608 642 104
502 745 424
580 470 806
673 375 635
273 240 954
23 389 309
77 414 343
725 175 206
725 480 424
299 682 609
706 500 617
266 556 996
123 608 865
548 120 558
66 696 543
138 284 223
349 171 154
368 735 993
558 167 231
373 215 255
77 396 163
352 324 31
217 683 588
493 680 691
296 414 523
734 291 726
206 711 717
190 630 720
373 244 404
74 745 683
9 381 29
627 321 716
688 576 326
613 89 578
500 35 384
677 555 458
299 420 83
501 396 969
703 442 515
453 626 428
318 519 584
349 203 716
670 377 680
342 111 695
629 483 644
508 332 104
190 250 858
30 622 319
428 122 620
723 272 478
445 255 605
691 391 240
482 343 727
144 206 79
426 205 971
670 517 519
327 565 769
334 380 653
284 172 621
507 487 60
223 527 477
334 707 666
677 525 938
636 72 545
713 23 853
253 3 586
739 694 462
597 449 202
427 224 755
147 558 163
660 464 703
224 595 947
555 250 570
318 355 727
22 221 453
536 569 838
495 32 845
495 216 99
349 646 899
735 638 351
714 519 634
355 302 615
704 481 168
586 436 842
699 316 456
64 92 246
659 96 642
688 421 559
266 1 68
349 156 501
31 455 25
126 69 705
102 669 916
397 9 714
382 78 302
646 506 617
15 136 821
612 439 284
89 373 985
99 230 356
42 442 698
560 64 154
151 554 322
260 238 184
235 528 154
150 178 235
190 758 886
144 603 11
32 116 801
695 349 477
298 346 128
54 280 331
358 316 133
327 210 828
302 639 202
649 67 135
142 383 599
694 337 134
593 395 675
47 396 904
307 759 907
704 46 482
594 758 51
604 528 656
232 309 356
600 713 159
287 761 231
403 468 261
105 467 420
312 484 954
659 634 321
163 300 775
683 275 312
381 279 318
558 461 690
92 31 851
717 206 604
519 33 710
346 647 938
381 725 822
116 570 229
493 20 913
324 145 935
443 539 990
749 175 981
493 262 675
182 611 687
613 444 760
357 114 192
25 691 328
492 590 917
453 298 620
593 517 687
485 494 517
298 164 497
674 26 492
40 612 595
255 389 878
85 284 203
636 161 60
396 360 740
642 566 690
725 436 307
493 633 75
621 11 15
296 739 416
133 212 781
261 577 210
271 574 647
337 433 125
352 400 397
660 253 487
52 604 941
756 147 30
389 112 965
563 330 636
164 597 179
32 516 97
700 57 294
627 739 108
594 587 267
279 534 286
150 453 155
570 542 210
261 601 283
227 444 378
282 422 770
92 391 316
397 317 39
448 685 157
707 317 740
352 484 5
660 607 337
339 238 993
273 82 316
199 446 842
418 431 524
418 428 351
538 54 734
593 348 553
182 99 259
519 141 243
65 768 217
448 703 903
342 391 796
92 121 842
377 537 397
369 435 205
437 73 884
650 735 18
389 369 360
590 688 404
587 4 138
735 267 285
471 17 72
518 593 894
587 55 598
392 465 702
508 529 234
723 642 652
338 18 576
308 315 681
486 528 513
187 90 443
173 482 303
574 421 563
568 710 487
263 314 754
34 695 483
18 32 770
666 365 978
495 695 981
199 43 447
82 709 313
574 131 492
216 601 990
339 251 643
131 396 832
428 331 980
97 18 779
558 156 416
427 286 795
201 42 508
296 357 323
317 625 419
485 458 679
65 160 967
339 717 842
227 316 556
445 596 199
75 192 502
97 645 895
625 371 967
324 636 250
593 754 607
390 629 347
450 91 220
451 590 519
536 677 207
686 266 265
482 358 403
714 768 509
32 281 840
131 230 8
642 762 856
421 47 730
633 330 737
138 83 279
448 767 775
580 594 802
339 314 591
431 574 986
223 23 937
32 611 77
359 757 536
394 102 733
528 483 264
337 723 57
46 597 19
578 523 367
643 168 341
379 403 682
612 30 10
151 531 291
448 721 762
560 11 420
333 359 267
634 443 15
725 46 744
348 612 840
749 548 924
224 308 694
483 228 57
539 67 934
449 450 984
659 379 807
388 187 463
613 568 514
287 223 535
46 580 981
563 128 87
558 284 461
526 530 581
568 628 417
227 595 743
581 124 709
232 107 960
308 514 462
327 744 737
471 533 957
266 611 353
382 541 132
689 649 525
581 61 796
425 666 182
349 405 645
539 39 337
135 343 226
615 302 675
568 628 947
302 126 186
34 268 503
284 141 87
25 615 992
493 21 723
645 332 365
94 655 533
224 187 799
548 142 924
581 328 489
54 342 402
23 444 461
734 390 116
554 96 217
642 582 214
611 627 175
691 590 499
629 751 383
486 347 325
65 763 474
61 700 685
175 43 109
123 338 668
695 151 404
574 713 387
670 151 786
275 257 52
673 349 511
587 152 875
223 187 715
212 134 344
396 48 690
263 520 44
695 251 774
163 35 271
395 54 136
22 144 619
23 715 523
319 237 347
23 486 700
170 22 373
484 539 295
234 680 729
234 271 948
396 233 848
443 433 278
337 277 737
122 431 672
92 621 470
175 196 557
391 498 720
235 551 871
537 333 440
660 505 656
135 459 782
771 382 255
627 443 978
710 294 740
333 407 720
739 111 187
97 327 575
46 351 330
723 182 751
407 172 106
99 164 43
32 404 733
365 650 564
433 707 181
580 316 671
629 564 627
459 199 860
20 605 823
1 281 82
352 528 889
85 150 402
253 645 772
484 68 22
595 340 207
315 443 515
749 315 45
332 176 929
65 237 660
244 296 678
324 146 604
177 57 291
574 193 248
762 271 652
265 342 856
660 707 362
735 451 588
751 593 415
459 534 557
171 609 133
414 165 890
249 317 629
227 751 967
451 504 41
593 492 20
407 54 500
37 516 881
435 100 961
465 137 541
308 235 120
357 128 684
261 579 863
15 333 984
501 168 628
324 344 957
721 213 57
168 689 703
472 340 116
701 418 434
472 82 495
431 119 260
435 283 691
216 557 620
15 63 76
581 30 366
436 170 355
606 613 815
302 672 461
526 318 368
222 630 924
253 97 4
1 99 841
308 717 110
155 124 209
31 232 945
165 642 222
625 653 520
508 328 434
382 593 19
751 670 788
699 127 764
324 495 999
568 324 233
151 606 315
738 756 993
495 29 178
534 436 140
716 425 407
691 390 157
715 467 948
770 66 907
299 486 431
555 21 359
205 318 776
99 671 120
568 72 444
443 485 381
317 21 333
548 489 338
190 249 155
706 224 437
625 454 917
435 714 891
373 371 636
431 292 448
389 653 313
54 233 48
517 437 285
67 183 501
587 536 580
330 519 34
558 51 872
128 502 90
173 686 785
55 479 494
700 542 552
260 594 846
586 262 432
517 130 70
407 150 961
30 431 381
563 352 831
669 352 448
273 171 964
649 392 254
721 484 114
642 25 523
587 617 909
432 116 711
700 566 109
81 752 789
711 201 622
580 732 144
407 197 889
230 296 477
519 480 792
108 712 465
529 165 307
21 532 192
306 55 271
324 42 343
479 414 523
94 455 56
342 9 920
299 335 360
217 738 148
238 650 252
224 434 614
715 357 658
500 263 761
47 584 563
22 72 601
554 338 43
35 315 865
683 164 218
1 696 897
437 283 492
144 413 681
538 495 768
558 107 609
142 613 49
627 128 138
465 771 376
149 483 551
237 526 360
66 591 227
77 248 577
266 221 119
508 293 161
151 498 708
670 62 387
704 627 28
196 737 108
533 81 864
173 394 644
435 321 285
41 633 918
649 52 833
164 428 190
467 108 308
119 472 256
237 674 627
453 66 251
643 507 257
302 150 599
332 706 809
382 302 579
90 730 323
534 560 723
721 196 65
537 581 444
507 252 523
252 471 35
539 476 680
578 97 147
295 287 951
427 135 113
526 212 591
711 411 728
621 565 689
465 671 10
141 692 536
94 673 386
559 34 732
463 182 474
224 467 862
593 686 341
397 283 714
654 711 792
448 256 74
538 578 770
397 7 788
411 334 206
3 342 402
695 644 554
674 331 619
457 538 132
155 133 373
212 43 20
171 117 190
707 749 18
705 375 586
142 274 196
613 286 186
530 397 964
125 105 630
463 694 486
717 591 997
450 12 331
196 427 965
122 467 690
75 32 652
244 138 692
674 272 645
436 492 471
263 238 929
498 261 407
144 756 498
317 594 719
390 241 562
339 163 170
61 260 171
411 475 70
375 253 334
523 346 579
659 289 550
670 673 37
577 582 187
255 649 575
583 23 767
752 411 58
734 271 474
706 238 706
377 454 25
692 15 955
538 580 811
362 185 258
696 493 252
23 772 569
77 1 775
435 86 619
392 706 720
448 247 999
332 322 917
237 341 560
506 558 633
344 345 92
528 525 459
257 379 682
299 192 934
744 435 256
451 234 807
688 659 837
67 273 280
757 470 760
591 725 559
560 107 10
47 315 262
642 389 408
319 77 897
234 276 821
411 693 916
67 257 519
267 311 395
485 457 233
23 480 423
649 656 546
212 423 277
428 583 22
681 563 37
604 578 924
457 189 499
492 299 1000
517 538 671
711 50 294
1 450 350
368 593 567
141 663 724
570 699 402
400 770 15
122 583 191
427 448 446
237 362 987
608 218 815
77 549 1
269 415 656
649 699 876
142 161 803
138 768 106
25 306 668
593 81 607
675 166 73
244 693 819
590 7 724
357 201 180
368 517 860
721 412 559
613 691 81
89 421 991
265 686 195
442 318 94
675 410 964
534 672 202
615 624 976
468 704 464
354 457 843
526 439 66
31 151 509
216 364 765
377 186 564
369 351 380
22 412 735
182 151 151
271 580 153
558 188 901
48 46 720
