1000 336 190 167 143 114
89 77 6815
327 336 9829
168 109 5924
226 139 9088
77 90 3903
264 171 87
15 178 2216
273 35 5225
291 241 3260
143 50 2637
7 273 732
124 282 8491
141 6 8973
251 109 4425
130 274 1084
251 192 942
110 134 3666
168 262 4985
204 331 1563
159 295 4638
148 37 1008
291 255 6834
122 334 8871
99 124 3667
45 309 9952
90 35 8247
81 47 7512
210 219 6004
24 45 3828
93 132 9124
235 121 5114
5 272 8690
167 113 4936
211 210 7748
299 30 71
24 294 3885
213 178 2294
130 126 8271
203 188 593
207 319 9803
163 285 9089
24 146 1143
316 285 9234
99 316 5688
236 321 3866
10 27 2663
264 204 8975
141 147 3812
125 19 8811
160 274 78
237 60 2765
270 245 9755
236 89 5703
168 187 5075
127 178 911
273 123 4551
93 258 7758
49 70 836
66 322 8231
73 124 7021
212 224 5386
281 83 8089
0 120 4972
226 105 6456
169 77 6052
186 226 3928
152 163 9171
99 313 6990
130 49 4645
110 28 5988
282 245 4876
125 299 6505
313 184 9126
226 286 9533
15 281 8040
251 133 5020
292 283 8450
50 123 7478
7 125 8771
169 215 3834
0 252 1210
310 231 3336
292 24 4254
291 180 7032
317 235 2598
237 98 3946
68 267 9249
186 169 8372
211 33 6343
186 47 1463
317 86 7341
7 280 8839
50 139 5463
213 113 5718
49 266 3915
270 232 2852
160 304 6197
270 325 5267
73 263 4343
323 120 4223
292 19 4953
50 200 411
212 308 5887
299 132 4130
102 237 1385
143 45 3563
270 60 3419
77 301 3663
66 97 7317
122 119 4646
316 151 1905
220 62 8310
78 120 2718
99 30 3115
48 30 2157
245 193 3572
205 248 3079
264 255 5502
282 247 697
45 41 9382
66 298 2913
81 54 6027
50 145 4379
226 234 6695
273 298 7911
169 24 4463
78 279 7842
236 150 9895
309 238 9201
264 224 7366
39 60 8103
259 316 9764
315 112 7737
52 311 6812
306 268 8435
224 6 2833
220 95 2430
168 150 155
90 298 3605
68 266 8875
218 66 5271
316 51 9779
290 335 1139
10 103 5994
235 206 2946
259 169 1065
207 286 742
207 20 5043
1 255 809
285 257 6139
7 185 9050
182 263 5668
291 138 1674
159 136 9293
277 243 785
290 233 1621
264 189 6720
124 315 520
207 68 4558
5 302 6460
309 103 4514
309 334 1665
322 323 1119
210 4 7646
186 187 4740
249 54 8372
238 85 6921
71 111 8144
71 168 3583
129 221 4923
68 187 3226
249 213 3935
253 114 9639
196 219 5187
259 245 1351
54 219 6582
207 313 7488
226 50 9214
24 61 5567
218 143 9656
127 265 5186
48 155 8149
204 156 3865
150 205 3566
168 29 1702
238 8 7115
212 236 371
313 188 9904
130 125 8160
78 45 8559
160 322 867
273 235 364
270 173 8502
24 157 8456
110 285 9152
197 298 3371
236 208 3434
30 197 7671
93 234 974
168 273 1262
5 249 4871
306 8 4423
203 129 7954
125 156 6419
90 269 7467
49 77 168
68 102 6789
92 243 7435
196 250 5673
306 152 3869
277 158 6873
0 71 3208
235 165 4448
226 236 3212
283 125 5226
143 305 5570
211 36 3989
39 138 4472
185 96 312
92 304 1025
143 69 2849
273 251 5286
122 140 8455
5 73 3198
207 335 9493
212 181 3539
34 266 2525
127 33 6628
110 112 8127
270 4 4509
48 165 3355
52 7 8354
94 237 892
66 240 3707
283 163 9840
66 37 5822
306 18 899
49 123 4978
291 33 4454
237 332 6429
77 314 7607
270 130 5264
200 279 7929
285 87 2141
129 7 3668
226 78 7716
197 210 9674
281 206 8018
130 331 9769
130 257 6711
0 23 9807
226 321 3022
292 326 4293
122 308 4205
264 163 2092
205 336 3190
316 28 4105
152 45 6066
122 97 5766
270 336 7467
218 112 4163
299 224 6300
1 10 2698
316 146 9857
89 77 1379
236 0 4796
141 150 8631
277 260 6210
317 90 1099
245 284 8240
71 34 4373
203 101 8254
270 228 9349
152 65 5263
218 175 9997
73 18 5607
73 264 6166
168 15 4758
277 294 3081
281 292 3214
313 68 8867
59 118 8851
37 279 5885
327 291 5153
205 144 9386
71 319 3993
251 130 2575
292 51 7351
150 120 8688
66 323 3165
238 306 2300
224 123 8923
290 332 6819
52 224 1750
264 160 8852
59 280 5907
150 212 2620
99 134 7833
236 195 9033
283 39 5981
290 291 7293
249 192 5833
93 100 1368
251 25 474
203 313 7602
122 117 7652
245 204 6378
310 244 1542
224 31 7649
236 162 6677
281 312 4198
81 308 9557
291 294 1339
323 42 1232
310 218 5016
150 234 3973
235 216 1757
270 171 6338
259 191 5781
212 114 6876
186 304 7614
163 268 33
212 208 8061
182 99 8775
143 217 1888
251 260 4406
236 123 9147
286 85 7982
92 89 5403
160 59 8327
73 258 8072
93 42 7137
39 111 666
210 330 1343
283 196 2220
48 254 7601
93 129 3120
313 183 8457
110 306 8490
122 59 3496
37 15 9100
52 171 7108
7 169 8766
182 316 8336
226 323 4217
30 5 5733
49 94 726
182 40 6613
127 278 638
264 299 6841
306 131 2478
93 40 9985
212 136 376
220 310 8960
280 178 3486
60 274 6477
286 209 3717
160 268 1724
160 27 6146
15 251 384
7 189 5589
7 308 6583
317 231 5014
59 303 9133
89 146 1361
30 314 7107
130 252 2142
323 1 2205
52 58 378
20 37 5527
39 187 7719
52 135 8874
93 108 6668
186 44 3197
81 110 3910
125 294 294
312 77 4521
283 264 1196
290 30 5284
0 290 5455
213 119 963
168 135 9898
322 132 3816
285 90 1489
249 122 3485
124 166 4559
152 100 5587
182 27 2078
219 260 8579
163 221 9239
290 75 2164
168 206 2468
315 7 666
7 318 2315
7 184 2751
205 166 4673
48 267 6595
286 115 5246
249 215 5406
129 0 5568
220 141 8765
15 148 9919
60 323 8418
1 129 6520
50 68 1939
129 235 3982
113 54 9253
205 317 6428
327 234 6419
281 268 9999
186 84 6926
127 198 4154
290 200 8705
77 163 193
152 218 1252
37 141 7900
226 15 3295
78 52 5234
317 205 2760
150 7 2892
283 113 4427
309 288 6173
148 259 8029
15 132 3024
77 160 8934
327 169 7625
216 280 9557
37 94 5689
130 301 7529
235 268 1479
77 233 4583
315 124 1228
285 93 354
234 208 423
45 93 2118
143 282 8651
182 128 1957
273 13 4409
323 185 7929
291 289 1722
304 182 234
283 238 2495
90 251 2797
236 306 110
313 118 4256
196 246 6405
224 151 5987
122 160 3510
237 188 9904
15 28 9598
90 170 1658
92 199 1458
60 99 6700
290 160 3151
186 31 4789
193 104 8369
253 328 6271
210 67 2257
283 213 1611
127 141 2321
273 68 2529
163 125 1137
163 143 6128
65 133 5174
260 270 8446
309 55 4407
159 158 5705
71 328 1501
280 217 318
264 203 2216
212 237 9515
259 194 3934
290 306 1660
163 23 4509
39 220 5774
52 149 7154
147 113 1689
224 3 4907
143 96 7473
1 69 7655
110 13 7166
50 303 8648
218 281 5520
30 139 9855
226 200 5290
48 251 462
280 299 7562
66 134 5410
234 205 5233
313 197 9639
226 178 2242
122 61 1586
29 204 6761
130 325 6291
224 169 6543
73 146 2707
141 248 9528
141 61 4579
292 44 8190
122 155 7609
5 147 5157
168 249 6077
152 308 2847
259 98 5646
1 153 8026
92 10 4830
159 271 3753
249 143 9177
37 127 7546
196 271 9080
234 38 4692
270 168 1019
216 99 6741
251 11 7815
90 34 8904
127 80 347
66 77 9207
124 287 4514
259 267 6631
292 127 9499
317 278 9500
273 241 2546
210 191 822
200 20 1856
259 31 3233
29 160 3047
207 7 9296
89 235 8863
280 150 3395
143 157 1794
323 249 5707
312 159 9773
39 292 2010
270 224 6792
160 258 7581
163 11 1277
323 9 4139
48 213 211
196 132 7694
71 204 4610
90 309 8973
281 224 1176
299 129 9240
173 166 1499
264 303 1790
251 126 1775
129 290 5736
236 60 5395
304 200 3014
226 253 3566
273 189 9063
130 327 3433
112 29 992
259 226 1881
99 68 3913
236 329 5138
322 318 1619
212 133 9960
312 100 9683
224 262 2924
299 230 7458
204 211 4594
169 31 6091
315 66 4744
280 258 1346
34 310 7442
89 93 2340
39 169 5389
220 335 4162
313 186 8024
92 13 8734
309 174 7489
207 273 2100
291 70 9396
73 161 791
238 48 6162
50 163 2831
127 282 6083
299 325 1059
73 241 3087
99 214 4497
270 332 1243
1 49 6220
49 319 2957
186 244 1629
66 312 7657
186 333 5499
270 81 4388
304 67 2992
20 107 5822
0 241 3259
78 335 5520
73 117 3676
238 245 1702
286 182 4061
20 160 8546
238 270 1646
290 61 3763
286 276 2011
160 234 8755
322 49 5855
143 275 9742
281 291 4854
59 33 5945
48 191 2230
306 270 2472
50 174 7832
68 207 1099
5 149 1948
304 140 1129
216 129 2283
81 327 9620
15 296 8813
236 304 5090
7 295 8816
264 56 591
197 103 4902
124 146 2016
216 281 8805
226 36 5935
39 171 2442
197 172 6295
45 55 8190
20 42 8150
29 220 4322
245 62 5324
169 149 39
236 258 1312
48 91 9183
204 56 2325
81 234 5578
0 217 6847
237 133 4785
236 17 2665
312 156 4738
68 70 6831
20 27 9329
224 76 917
226 91 3786
292 195 6222
73 221 7431
212 277 5622
224 185 8399
200 277 2504
234 4 4796
218 308 1271
322 117 8614
313 139 8037
148 92 2346
270 146 4206
68 82 6414
218 310 1460
197 49 1790
59 156 107
218 336 5799
73 239 8913
312 266 7782
226 252 1610
127 302 911
55 67 3817
10 124 8819
280 327 8601
10 314 181
251 70 3415
264 56 3057
71 285 2063
211 329 3570
285 311 5825
129 202 7414
39 179 3469
245 306 2543
60 182 5644
299 2 5432
78 335 6413
37 78 2920
273 98 6553
20 9 3776
299 229 2850
166 45 4123
317 275 9820
235 323 8560
291 134 3130
249 311 3322
127 74 8325
212 325 8156
168 95 863
245 243 1058
48 135 9122
148 74 1402
273 198 4379
220 211 5091
322 33 4674
196 137 290
211 295 1111
50 210 9145
15 306 9643
210 186 3441
77 34 7592
281 63 9424
285 123 2493
7 232 7792
226 267 5040
210 221 4994
37 209 7420
89 118 8379
73 226 4880
322 323 1507
93 286 4038
124 138 6706
77 268 4219
310 187 3631
150 310 1393
110 187 1156
163 261 7914
313 66 4367
73 249 183
306 160 6085
66 153 918
168 10 6803
299 89 5193
129 324 5314
322 305 6184
197 268 5309
277 267 6508
77 175 7572
220 330 1147
66 18 312
73 28 8436
148 134 9414
29 121 528
211 121 7211
122 49 4282
238 75 2434
238 92 3924
317 245 7168
211 94 4234
59 280 5636
143 185 9708
20 29 9630
220 245 3278
68 11 4156
306 73 9356
186 249 2420
160 144 5917
313 253 1205
45 130 9243
125 157 8438
1 62 2374
7 322 7452
277 62 2724
200 141 521
143 133 2436
253 202 2124
210 222 3642
304 306 1658
277 116 3873
49 300 4900
37 175 857
280 255 395
182 103 6812
168 158 7829
130 234 6087
50 261 9465
253 93 1579
30 316 4471
281 305 266
102 312 2408
71 316 1735
168 109 6264
163 146 9886
322 27 7394
0 68 9458
291 73 3598
274 114 3259
249 319 6690
218 78 1944
200 87 8655
73 226 9435
90 133 5056
185 84 8530
150 125 5399
323 88 5790
226 60 9647
186 247 4355
212 261 5110
59 262 4036
286 287 7217
73 7 2068
285 110 1461
34 46 9527
168 39 7620
205 273 6761
220 311 9899
316 264 9995
125 244 1375
285 3 5950
251 215 2573
226 314 4562
104 60 1003
65 260 9888
15 267 8442
122 252 3912
212 119 1364
20 291 877
270 84 4117
143 330 8503
251 170 9341
152 76 9457
168 9 5229
273 128 8461
259 91 2794
200 78 4215
196 313 8983
327 4 5471
213 156 1518
286 111 9174
81 259 9788
213 5 7239
160 90 7800
112 328 7606
285 116 4142
37 286 1725
66 8 2234
259 16 9579
130 14 2246
159 151 8190
327 92 6334
129 125 3648
122 283 7309
270 36 1309
327 243 6265
73 4 7925
92 302 2485
60 304 5721
125 65 4004
218 192 7958
200 50 4018
316 220 4416
277 0 6922
322 115 2101
147 261 5140
110 234 3926
327 27 3608
310 212 6422
168 30 2956
273 293 2916
306 118 2519
67 193 2903
277 10 1715
316 120 1979
39 304 6046
141 134 4303
212 152 4663
306 121 2426
323 49 8565
130 66 1102
304 321 1502
94 102 1333
273 193 4137
270 242 6602
30 298 251
273 128 4264
197 61 2597
50 81 3364
291 135 9143
313 69 8972
212 18 1541
313 257 8754
148 116 3661
236 226 9571
147 197 2235
185 213 6279
90 156 7263
218 137 7316
112 251 2808
291 264 25
169 226 8043
291 270 2134
163 286 2811
90 297 804
77 257 1951
59 237 5659
48 188 7491
291 124 2107
143 292 8327
160 19 5614
309 13 3021
291 208 7052
190 143 3649
234 67 55
316 196 5631
235 31 2244
317 285 9544
185 101 7800
224 144 5992
92 7 9365
196 15 9643
203 160 9599
125 107 6207
226 16 8385
71 317 8989
163 259 2155
52 251 937
130 270 3362
129 51 8635
280 147 3901
148 114 3876
186 1 5960
125 247 1119
290 92 256
65 182 7591
73 166 8112
60 309 4622
152 158 7661
99 233 8455
68 2 2703
50 297 9665
259 300 1237
315 114 2605
49 325 2030
251 160 7843
94 162 9052
309 271 1051
143 76 7130
148 227 6162
168 7 6561
122 39 761
203 97 2857
143 287 5754
78 127 1214
315 177 8686
150 226 7111
65 127 2672
130 126 2544
259 270 9552
306 285 3306
152 32 4259
234 280 5527
159 152 6967
203 138 4170
226 72 166
150 294 6684
141 59 7399
285 45 913
226 248 2216
159 158 5735
310 300 1942
130 285 9096
283 166 7316
182 286 9888
236 19 8381
291 184 1698
65 185 8387
309 278 4594
224 291 1432
277 244 6091
48 163 7690
94 60 8505
71 313 495
30 317 4788
213 248 7796
200 278 9725
309 16 9805
235 108 2463
273 164 1961
73 16 6972
89 46 7925
259 111 524
130 273 5371
130 150 5380
236 49 43
182 8 2569
141 56 2954
89 273 1947
277 158 3390
127 244 992
1 32 6854
130 290 4722
5 124 5859
5 58 1820
152 158 7386
197 81 9883
253 201 4196
125 4 3597
127 147 4470
317 80 7313
249 237 8424
281 238 4739
90 20 6537
71 14 9472
141 318 3560
290 131 5836
226 296 3032
129 286 4583
125 87 3451
218 63 1494
212 114 3309
160 163 8744
259 110 5124
277 200 4596
