1000 707 688 680 116 582
66 241 10000
476 229 7856
626 179 9920
256 60 1369
494 27 5808
601 382 5517
120 327 8110
621 342 3932
134 489 2369
116 419 304
35 358 5376
517 207 3958
638 27 6628
343 135 7304
266 354 10000
673 245 10000
148 335 7118
578 266 10000
175 668 5966
316 18 7946
293 173 2884
26 481 3529
313 284 10000
148 49 2312
9 438 1
481 651 2672
577 134 3841
106 520 1085
32 609 9972
617 45 7815
42 660 7651
543 562 2476
185 394 5764
223 196 2426
383 418 1136
181 646 5168
424 422 5742
159 435 852
586 332 10000
602 406 505
9 491 8271
166 578 10000
475 529 1569
475 638 3700
697 141 2121
394 486 7747
285 207 10000
372 520 1
298 534 315
219 420 5114
538 305 10000
677 578 1
41 241 7508
528 181 5757
694 262 8542
662 428 10000
179 357 1776
55 611 10000
208 632 9695
31 458 7997
367 415 5444
270 80 8227
643 644 10000
200 483 5366
226 238 4640
116 111 10000
131 298 1085
209 320 8601
553 75 5967
442 551 4636
37 122 3134
593 9 8687
557 664 2898
499 457 10000
119 174 1705
370 297 10000
481 682 1980
221 403 2039
68 476 7972
141 482 2108
416 62 10000
541 434 2976
617 360 10000
333 428 1
625 333 10000
464 306 3743
523 338 10000
428 236 10000
495 428 2727
533 170 5184
490 656 5952
179 643 8136
635 187 7495
593 310 3933
288 107 1
47 170 386
353 42 2037
644 118 10000
73 419 4067
480 6 130
697 463 9989
134 693 9593
397 520 10000
118 264 10000
354 293 4247
542 119 2737
179 253 8651
474 625 10000
24 123 3225
513 322 3268
456 19 5609
298 463 7681
64 586 10000
383 487 10000
508 143 3663
197 554 9746
328 534 10000
457 36 10000
157 335 735
598 451 10000
515 13 4440
9 407 8482
260 238 125
189 101 5833
543 643 7168
97 340 1833
561 582 1
675 30 902
203 475 4432
417 3 4014
0 617 7997
245 193 2395
256 357 4439
79 362 2354
123 535 10000
600 31 7996
359 54 9165
682 378 8649
569 35 10000
624 157 10000
185 555 5963
282 201 2140
62 417 10000
185 312 5329
310 409 10000
520 456 1
360 159 5965
181 656 10000
406 123 10000
273 96 10000
600 581 10000
270 552 10000
167 466 10000
401 669 6031
42 406 8269
412 338 5136
309 474 14
409 375 10000
481 665 7372
362 600 7781
385 127 10000
396 547 4340
647 604 1
55 450 6222
486 696 10000
260 116 5198
370 224 9102
557 230 6604
546 49 8370
204 481 7435
158 43 7422
203 238 9713
229 136 10000
215 124 5328
402 638 4567
256 481 10000
316 52 4020
385 602 2040
357 185 8186
282 351 1842
393 115 10000
173 448 9282
62 148 673
680 384 1
464 538 10000
617 333 6091
686 514 5458
227 391 2276
353 628 2520
428 202 6006
634 412 1
412 216 1
10 434 1021
100 603 1911
45 542 10000
305 414 2446
675 302 10000
677 152 502
157 66 10000
116 382 3501
54 330 5376
624 503 2616
208 495 1909
565 384 5173
601 316 3988
302 456 10000
101 699 3899
156 31 6901
698 493 10000
234 623 1612
305 192 2100
120 659 3320
565 556 5392
357 70 8432
493 617 10000
175 222 9620
36 87 10000
643 682 4970
460 15 8054
630 89 10000
456 624 10000
419 78 3933
382 166 10000
197 665 1
585 513 2790
601 328 1594
545 293 86
45 37 1354
626 589 10000
54 165 6583
23 686 10000
698 253 9856
693 705 10000
566 600 10000
547 492 8201
419 488 7888
552 139 6247
114 347 1
46 476 10000
586 383 7370
610 611 4985
621 39 6303
629 332 2750
231 439 10000
578 365 1
408 615 7430
360 326 6562
663 590 501
355 199 560
597 353 4854
545 206 7957
116 628 6437
700 401 10000
9 258 9426
481 357 10000
350 60 1013
671 625 9944
497 697 10000
321 513 3171
36 73 6067
123 219 2375
215 601 9840
397 542 9465
219 362 1292
419 84 10000
396 217 3255
457 291 2668
419 531 1909
203 307 524
46 642 4829
321 569 10000
115 513 1356
131 366 3657
638 249 9667
676 586 1868
638 590 255
323 670 8292
223 117 1
696 240 8198
258 264 4096
677 8 9231
62 574 1432
543 699 4258
238 660 10000
566 245 5355
38 323 3085
401 378 10000
530 608 5492
338 573 8071
560 56 3783
542 32 10000
451 525 515
179 109 86
101 54 10000
602 80 9686
681 46 10000
227 348 10000
203 134 9079
189 601 8188
175 480 173
625 475 9762
9 11 6013
241 515 7879
312 307 1
85 439 2455
515 199 10000
19 394 7164
513 499 8474
451 700 4280
277 303 7102
68 36 4848
530 609 342
204 180 1
229 593 6037
118 640 9911
647 10 5002
264 452 8759
663 16 10000
568 299 10000
117 148 4200
130 317 10000
699 677 5496
367 389 7697
495 288 426
173 662 10000
41 424 1
184 486 10000
53 382 4919
693 53 7134
626 624 4079
681 401 9158
577 130 9793
402 679 2827
426 120 6005
141 167 10000
512 328 10000
366 119 2024
453 248 6147
610 477 1346
227 139 9988
561 422 1029
123 327 1656
248 198 3284
327 472 1679
343 432 3911
383 281 1738
309 588 1381
133 68 1
234 61 1
245 23 10000
91 200 9118
322 62 2873
148 196 7624
159 597 10000
693 358 2033
90 191 5812
41 487 1746
662 429 9120
481 629 2671
644 642 7198
277 176 7132
515 345 5237
601 294 893
236 543 7793
591 432 10000
493 209 1339
316 26 8745
450 533 8363
64 42 4725
704 189 5955
338 576 4023
702 8 6633
148 416 10000
453 149 4852
74 599 5151
321 518 3091
180 105 1
679 299 6038
366 602 6585
265 562 9180
626 85 9031
216 235 785
196 184 4256
565 638 9184
660 69 10000
372 326 1996
223 489 1807
43 582 10000
301 619 2998
634 690 8462
634 37 2659
170 329 907
148 592 5066
562 179 10000
475 687 7853
528 547 993
545 60 2096
310 403 1301
189 259 1616
675 386 6402
166 92 5861
207 310 10000
43 29 5097
383 270 3776
56 267 10000
134 227 2957
586 562 8004
328 595 1151
665 126 1
157 216 2689
682 528 2106
228 45 3729
640 589 7636
265 48 9839
307 91 5211
499 624 9651
520 121 4007
344 602 6568
53 600 4750
267 539 6561
581 11 1638
173 590 7844
668 112 3200
16 55 10000
127 410 7489
403 256 8848
428 223 1
300 357 9054
323 0 9564
301 499 10000
53 535 8013
9 79 2197
79 157 3441
562 650 7905
126 589 5956
135 553 4518
361 517 10000
665 635 9152
179 3 7182
561 621 3290
48 485 8376
116 188 8274
472 591 10000
656 542 5956
298 108 10000
601 19 7180
123 7 8712
439 38 282
575 297 9837
673 357 3317
351 64 2468
199 208 5513
29 145 3823
405 702 10000
490 474 10000
58 433 3282
126 295 4166
66 665 653
492 469 2348
341 383 1638
506 449 9854
688 116 10000
97 689 7126
629 244 2306
456 121 7867
563 292 2618
534 643 10000
238 282 2031
604 159 9965
333 507 5303
267 106 7339
159 318 576
705 45 10000
179 497 6410
541 185 7137
134 437 1171
115 181 10000
31 270 6138
270 265 3316
301 671 2882
189 127 1325
265 153 3997
630 294 1
141 430 3008
451 164 10000
656 316 3411
577 464 10000
573 276 7253
295 202 3491
305 135 10000
87 238 10000
424 203 1
702 528 10000
578 170 3371
375 359 7524
267 402 8788
62 530 1412
84 92 10000
159 375 3348
262 323 6379
273 379 3303
336 534 6349
542 490 9733
107 677 1
69 321 2951
196 458 289
42 226 4065
384 108 1
356 143 296
489 618 5998
565 56 10000
458 208 9320
565 558 7757
344 343 650
133 218 7635
344 634 10000
306 698 10000
442 378 6526
348 693 10000
578 238 9945
286 539 7522
535 419 10000
164 148 4000
360 673 10000
675 286 8753
601 274 9099
374 41 10000
360 282 154
604 702 301
586 156 7045
292 231 8398
638 333 1
117 697 4982
519 182 5482
581 499 102
431 110 3480
431 616 2556
702 190 2541
8 480 5596
10 682 5463
432 681 10000
105 453 6109
85 563 5094
10 565 10000
309 530 7255
476 209 3269
471 641 10000
538 97 1975
179 704 10000
544 442 5130
235 639 1659
148 30 4507
477 224 5518
9 322 10000
406 260 1144
114 512 6264
203 407 7571
85 646 1677
178 533 7460
175 189 10000
702 432 456
574 372 1
508 388 2585
538 585 8196
598 642 1915
127 220 2577
10 669 5650
626 42 8600
563 266 5566
642 97 4496
148 185 4255
396 490 10000
156 14 3200
307 482 8460
36 196 9426
624 77 4116
317 31 10000
178 621 1022
481 449 9207
458 374 2158
629 643 4642
375 313 10000
131 566 10000
267 229 10000
135 647 10000
548 415 1070
489 286 5170
428 367 8217
675 455 5928
416 397 2888
397 500 5074
675 477 9321
302 494 2424
495 117 8165
0 571 10000
623 131 10000
37 382 10000
525 312 8244
568 439 6934
604 562 5199
497 396 8503
131 585 5677
682 230 1866
255 598 10000
209 360 1585
107 508 8386
487 568 10000
562 355 6475
481 83 4948
68 629 4778
419 228 1800
284 434 8176
589 184 10000
602 115 5906
221 422 2814
79 186 4970
382 607 8843
625 394 2433
158 222 5194
611 383 10000
456 336 2793
49 431 6981
197 301 3449
609 74 1763
665 291 6563
690 543 4703
273 563 7408
157 647 7545
589 615 2760
456 41 1
629 215 3400
597 10 10000
413 628 2303
327 544 1
357 82 10000
466 344 5372
629 197 1118
466 114 4538
656 85 10000
282 437 4266
561 309 4082
464 360 6902
187 102 4827
640 608 9789
108 273 10000
639 166 1
569 362 8784
422 130 3338
338 344 10000
238 585 5022
593 513 4946
326 437 2634
553 37 5308
75 406 10000
543 43 10000
68 638 1
35 675 3951
347 19 1
635 22 2977
74 662 9496
41 130 10000
347 343 2685
700 241 8088
358 545 66
408 549 10000
117 278 1
593 91 7446
327 33 311
385 24 1643
92 508 5000
294 20 1
593 490 1264
332 58 7048
260 543 10000
166 580 2072
191 638 7227
111 524 2691
123 640 9066
682 31 8045
594 285 10000
319 687 8751
534 309 5367
593 9 10000
407 3 5769
32 338 6189
590 607 679
430 275 3790
299 282 670
356 388 8176
571 460 10000
665 151 2327
365 9 1
102 272 1065
634 277 10000
449 281 7298
47 629 4819
117 415 392
221 563 10000
203 634 1
181 489 4106
610 694 5144
682 196 4697
679 475 1199
438 204 1
602 416 5469
673 624 4637
500 129 3055
519 319 10000
449 423 9071
522 159 10000
347 638 7966
316 147 714
676 112 4603
31 148 10000
23 396 9253
520 557 6564
285 491 6304
83 114 8700
307 282 8212
690 103 8963
264 630 10000
360 691 3437
294 616 7718
458 575 10000
697 572 10000
638 315 7921
478 37 10000
343 393 4234
47 242 6921
696 610 10000
278 630 1
600 505 9723
656 595 7958
103 74 6660
360 352 974
196 659 5070
256 541 3852
333 369 2647
626 88 6755
328 618 8022
676 232 8172
95 44 2212
74 44 9567
581 255 10000
96 601 10000
506 173 10000
563 523 10000
513 671 6607
350 1 836
354 577 10000
662 635 2723
501 316 1
519 391 6075
317 69 661
687 596 3336
270 64 1287
477 499 1002
419 588 6507
634 660 2818
641 663 10000
492 458 10000
643 58 1065
572 397 10000
85 495 3963
619 413 3103
673 331 4500
282 49 4618
512 413 6570
16 679 2962
683 149 5191
520 409 9564
156 221 2583
166 560 1567
189 492 10000
355 24 3428
112 670 600
41 215 7338
383 654 553
357 199 3866
476 506 10000
200 327 1
569 543 6598
244 286 884
136 91 10000
406 341 1
353 234 1
229 299 8432
26 640 3238
189 178 1
111 265 10000
20 647 1
348 366 503
309 334 5678
343 672 912
449 95 8121
506 686 3337
178 353 1
366 298 10000
690 356 2345
184 91 8938
629 120 6202
439 593 7193
3 383 2650
187 623 10000
293 24 3236
83 653 4730
383 477 9883
575 301 10000
497 495 240
354 541 4690
481 326 5534
61 301 3131
362 235 939
52 27 2128
355 560 6036
687 412 8628
307 561 1
91 98 1665
164 497 10000
134 1 8498
315 24 9282
543 187 6308
495 9 7928
552 593 10000
30 487 1072
520 141 10000
634 676 8958
10 248 5837
408 485 6508
166 114 1
288 184 2629
116 70 6893
521 372 6454
179 460 9016
524 156 3174
513 68 4726
228 123 7493
660 583 281
126 215 6168
69 0 10000
316 406 1
360 180 8697
35 471 10000
466 515 10000
520 363 4316
181 29 9987
528 158 317
281 332 638
92 231 9677
54 361 10000
585 306 10000
126 288 1
488 553 3232
374 674 9692
236 434 9214
616 644 3212
647 396 10000
591 609 1823
378 101 10000
549 231 10000
565 700 7580
200 4 8328
407 256 10000
581 452 9349
644 116 2512
91 165 7168
224 618 1733
299 700 10000
108 200 1
419 249 5068
189 29 3776
544 251 6752
585 367 1091
215 609 6910
151 71 4441
481 350 7841
298 695 6566
89 370 10000
617 505 6670
403 288 5145
129 247 8542
499 546 5008
334 575 6344
143 29 8735
370 425 5277
126 223 5856
638 400 8079
9 334 467
449 407 7498
336 140 9473
565 696 8750
687 244 2371
686 528 7522
127 519 10000
61 133 1
624 543 3714
415 117 5784
610 408 10000
47 312 1
216 295 9613
332 374 10000
91 478 10000
641 685 6073
475 449 196
604 639 1
216 197 1
369 426 8674
35 521 174
82 75 10000
600 645 1033
119 156 6031
417 675 10000
545 472 10000
556 412 9253
255 17 5219
4 371 867
299 464 6111
577 202 9900
241 407 10000
507 19 3303
200 79 1546
236 562 10000
388 113 3201
265 321 10000
306 683 7697
29 366 522
513 178 3657
74 278 7458
544 189 1
92 175 10000
66 612 4333
284 405 10000
322 90 10000
90 585 10000
591 323 305
528 366 10000
369 100 8477
319 626 10000
624 578 8361
635 262 7298
517 385 10000
313 630 9250
334 271 7555
85 227 10000
19 574 1
111 114 4945
383 356 305
43 3 7572
515 658 2279
202 448 274
181 449 9485
489 134 2443
43 47 1351
576 64 10000
297 221 10000
601 522 10000
439 594 10000
338 304 174
486 148 4442
624 675 3976
456 197 2127
476 703 4379
353 558 8272
407 45 7533
704 393 10000
322 668 5649
120 0 3053
341 47 1
131 53 6000
675 346 9709
562 569 208
419 543 6928
629 576 4075
665 504 7614
333 545 10000
32 270 10000
542 203 9958
199 260 10000
273 246 4748
378 300 1402
310 438 5160
10 469 1993
432 134 983
700 272 5640
173 418 9065
241 569 6749
419 141 7042
196 681 426
95 570 2286
460 512 10000
277 187 10000
489 484 4375
341 619 8835
357 175 6732
312 270 5461
686 576 10000
573 431 5625
105 501 1
18 408 7844
357 548 9067
