1000 851 274 780 578 65
4 502 1
90 440 9069
328 160 1
550 512 1
531 416 1
699 59 1
726 179 1
151 267 1
582 311 1
446 88 1
504 239 1
562 60 9887
532 626 1
302 125 1
238 231 369
516 219 1
714 491 1
355 110 7855
123 240 1305
300 288 1
514 716 1
645 693 1
213 697 1
141 725 1
274 526 1
772 767 1
723 412 8797
656 177 4740
376 780 1
119 170 1
527 214 1
378 516 1
426 639 1
390 799 3017
503 262 1
604 277 1
342 319 1
525 465 1
142 544 1
544 288 1
231 537 1
47 7 1
335 197 1
240 65 6413
805 740 5271
406 213 1
749 615 3124
203 128 5682
699 741 2043
735 765 1
693 560 1
635 147 1
407 556 1
277 310 8227
798 705 2342
837 183 7245
451 177 1
512 605 1
817 47 1
240 220 1
274 16 1
756 90 1
242 844 1
280 780 1
462 332 1
232 124 9795
741 791 1
587 691 1
179 541 1
733 778 63
673 557 5944
601 451 2642
733 499 1
135 259 5046
127 801 1
769 48 1
451 632 1
105 436 1
678 545 5034
274 272 10000
509 462 5535
256 377 1
263 578 6301
352 464 1
85 740 1
434 132 4954
250 434 2931
751 409 1
81 673 10000
570 334 1
748 636 1
678 102 10000
197 728 1
334 613 1
23 407 1
525 225 1
495 65 1
189 787 1
698 583 1
607 378 9052
274 780 1
440 20 1
184 710 1822
523 301 659
212 0 1
753 444 1
229 275 1
274 703 1
500 211 1
804 161 1
274 742 1
367 800 1
535 268 1
220 747 1
59 300 1
274 229 1
279 772 1
142 54 1
135 38 1
649 455 2472
127 821 166
558 258 1
351 780 1
479 335 1
689 581 7330
562 688 1
600 780 1
240 22 5888
477 756 1
338 345 1
195 95 1
742 823 1
414 5 1
526 304 1
697 44 3706
765 203 1
841 242 1
607 334 1
741 524 1
603 280 1
585 476 1
760 531 1
439 682 1
792 481 1
54 469 682
43 243 1
94 454 1
5 190 1
583 780 1
150 692 1
368 723 1
598 727 1
156 544 1
488 682 9444
839 545 1
211 666 1
282 281 2671
248 477 1
59 532 1
378 249 1
372 280 1
228 476 8610
278 790 1
334 837 1
90 346 1
652 780 1
696 841 1
47 463 2843
203 630 1
183 659 9932
611 240 1
837 347 1
135 689 2913
259 176 2784
625 352 1
73 832 686
794 834 1
666 111 1
582 424 379
724 0 1
675 607 1
324 216 1
416 796 1
407 232 1
580 639 1
499 260 1
655 130 1
341 10 6051
655 756 6223
694 324 1
592 223 1
819 289 5775
114 579 1
719 38 1
28 284 1389
177 625 1
197 747 1932
78 410 48
503 780 1
486 81 4
320 302 1
567 471 1
509 565 1
790 621 1
425 736 1
792 94 1
812 309 1
805 780 10000
292 40 1
0 237 1
718 479 1
280 592 1
271 28 1
435 504 1
613 239 6715
556 796 1
691 676 1
127 81 1
472 69 1
825 147 1
473 575 3361
66 784 1
280 794 1
187 78 1
9 501 1
191 293 1
540 167 1
238 98 10000
672 317 6936
226 357 3350
319 341 1
716 600 1
1 780 1
545 593 1
656 29 1
262 203 1
498 742 1
69 123 1
234 164 1
636 627 50
801 118 1
40 738 4510
751 654 6290
467 47 1
837 525 1
109 762 1
274 368 1
243 13 1
304 514 1
212 312 5447
714 652 1
499 558 10000
594 41 9833
558 488 10000
209 762 537
729 749 1
274 832 1
629 837 1
176 177 1
419 398 1439
4 238 4179
759 780 1
758 151 1
844 617 1
810 606 1
334 772 1
162 395 1
640 804 1
439 328 1
721 331 1
551 132 4514
397 567 1
721 476 1
633 699 1
348 605 1
5 435 1
309 40 6244
135 352 1
139 759 1
330 288 1
652 600 1
283 281 1
478 117 1
504 363 1
152 780 1
64 259 1
169 810 1
698 152 1
219 127 1
641 724 1
274 611 1
308 382 1
4 73 1859
273 473 1574
351 156 1
135 807 1
47 237 3635
475 641 1
618 685 1
447 293 1
92 288 1
215 392 1
465 528 1
391 571 9063
621 283 7822
717 760 810
626 538 1
697 671 1
10 371 1
608 143 6027
27 758 549
0 669 1576
28 82 9443
500 719 1
342 298 1
528 721 1
113 262 1
287 825 1
274 698 1
311 447 1
323 678 1
274 709 1
832 843 1
685 459 1
392 761 4033
225 781 1
351 254 1
593 169 1
279 417 9682
223 447 1
603 439 1
617 440 1
325 336 1
723 396 6232
716 205 1
274 22 1
268 635 1
284 471 1
248 183 1
197 43 7807
185 259 9161
800 604 1
666 174 1
805 186 8428
579 561 1
476 238 1
29 531 1
392 768 1
547 714 5090
304 237 2333
106 527 1
43 219 1
67 768 1
274 728 1
799 798 354
123 451 1
468 191 1
822 805 10000
682 521 1
194 64 9410
524 267 1
778 413 1
225 716 1
65 81 10000
291 44 1
468 490 3043
452 663 1
310 76 3638
68 135 1
719 491 528
249 463 1
523 701 1
463 495 1
620 780 1
672 27 7869
42 184 9829
549 434 1
273 124 1
372 335 1
711 69 4381
81 8 4569
674 698 1
400 220 1
65 330 1
547 167 1
639 351 1
160 292 1
285 551 1
493 172 1
790 780 1
219 710 1
46 128 1
550 800 9569
736 209 7598
164 493 1
848 758 1
63 812 1
740 498 1
632 414 1
588 342 1
189 766 1
274 603 1
102 65 3291
563 23 1
220 271 1
91 780 1
331 278 1
218 547 1
843 149 1
82 30 7115
479 603 1
353 1 1
667 578 8642
277 611 1
537 514 1
594 273 1
474 195 1
442 535 1
718 173 2139
274 721 1
274 325 1
105 355 8707
813 625 1
336 39 1
37 499 1
578 65 10000
499 565 6569
783 111 1
592 93 3523
130 429 1
142 618 1832
781 212 1
48 523 1
293 478 1
807 276 1
237 225 1
177 91 1
282 246 1
78 568 1
316 162 1
212 636 1
159 780 1
185 194 6690
98 66 10000
457 369 7783
158 678 3539
849 576 1
232 338 1
274 238 1
783 7 1
561 196 1
548 462 1
735 390 8120
47 426 1
571 372 1
819 585 1
152 726 1
600 800 1
90 799 1
711 63 1
170 780 1
125 90 1
103 547 1
639 654 1
72 456 1
444 674 7841
262 211 1
184 524 1
246 331 8734
124 783 1
721 307 1
419 607 3038
661 580 1
246 550 2869
102 741 1
66 678 10000
254 64 1
272 238 10000
290 817 1
631 530 6257
274 6 1
268 630 1
808 780 1
587 293 5341
274 655 1
250 105 6453
26 135 8511
260 90 1
753 843 1
447 694 1
10 744 4778
679 268 1
747 757 1
118 608 1
544 387 1
32 697 1
267 783 1
7 339 1
333 72 1
471 221 1
476 29 4381
772 123 230
649 185 1
699 808 1
678 80 8416
600 385 1
621 832 1
444 241 4324
370 102 1
843 141 1
458 159 1
671 189 1
259 548 1
309 737 1
316 291 5240
710 330 2380
796 442 1
719 310 9091
22 780 1
390 279 1
848 780 1
678 317 3117
387 250 6939
124 301 1
694 139 1
666 652 1
493 814 1
462 0 3826
520 225 1
39 638 1
339 270 1
339 666 1
663 93 1
231 666 4872
848 753 1
38 65 1
606 72 1
457 198 1
524 813 1
611 598 1
301 454 1185
213 780 1
589 729 1
306 665 1
182 425 1
647 674 1
413 619 3567
456 376 1
758 615 6063
319 669 1
82 447 1
95 552 1
823 488 1
167 849 1
488 185 1
608 419 1
44 75 1
472 156 3897
787 653 1
638 459 1
641 92 1
520 285 1
458 753 7430
55 622 689
26 716 1
210 591 1
274 115 1
382 500 1
799 85 1
38 319 1
190 213 1
346 55 1
699 587 1
29 131 1
335 29 1
111 621 1
309 704 9748
391 232 1
7 844 1
811 646 1
630 374 1
491 793 1
576 236 5465
319 516 1
527 780 1
796 503 1
161 647 1
476 661 1
495 176 5645
66 35 5269
75 226 1
636 503 1
198 824 6660
454 753 1
274 407 1
762 210 1
723 667 4998
341 760 1
605 215 1
328 42 1
1 413 1
274 61 1
621 254 1
298 717 1
479 134 1
721 804 1
702 479 1
232 625 1
794 53 1
409 780 1
521 527 1
61 378 1
261 780 1
537 513 9523
703 319 1
131 2 1
669 439 1
499 234 1
288 509 1
246 1 1
701 663 4328
591 146 1103
63 256 1
308 353 1
309 729 1303
791 406 1
8 604 1
48 469 4700
814 617 1
211 544 1
471 499 10000
844 367 1
256 228 1
213 294 6900
671 2 7335
274 134 1280
562 549 8169
767 699 8161
784 378 1
207 562 1
367 549 6127
814 441 6191
717 819 1
371 612 1
409 308 1
115 394 1
325 490 1
340 772 1
446 772 4306
613 780 1
547 184 1
304 333 1
693 482 1
471 409 1
105 122 1474
530 590 1
301 780 1
672 177 1582
279 153 2380
665 606 1
90 516 1
385 243 253
625 665 1
40 221 1
521 732 1
459 778 1
413 652 705
825 259 5844
324 635 1
288 520 1
447 848 9721
635 735 1
514 627 8412
413 528 1
98 539 1742
332 248 1
128 810 1
61 33 5034
439 246 6773
345 765 1
127 472 1
766 780 1
798 480 6367
62 399 1
274 672 1
733 47 9402
630 300 1
221 192 1
47 316 6192
76 652 8562
608 824 9043
111 780 1
274 304 1
35 228 3491
625 433 1
641 264 7133
717 751 1
606 493 1
476 10 4855
435 287 1
429 714 1
692 284 1
147 780 1
397 222 7436
664 680 1
642 504 1
834 589 1
192 520 1
738 725 1
757 570 1
196 66 1
174 523 1
213 642 6813
781 596 5028
725 588 1
334 468 1
728 603 1
716 372 1
293 250 5413
376 423 5450
705 563 6490
481 328 1
98 825 1
274 479 1
170 398 7732
352 831 1
605 780 1
88 454 1
216 491 1
462 480 2982
684 780 1
451 323 1
23 206 371
591 801 6236
603 451 1
541 424 1
347 273 1
551 218 1
185 283 1
395 741 1
691 759 1
719 268 1
385 699 1
117 794 1
281 119 1
605 848 1
216 559 1
732 780 1
452 713 234
689 395 6210
158 391 1
359 452 1
394 679 1
544 521 1
377 649 1
547 757 1
531 216 1
604 142 1
238 127 1
47 416 4409
315 605 1
53 814 1
399 4 1
94 45 3074
723 582 1
697 379 2348
562 466 1
727 641 1
793 231 1
152 294 5866
481 783 7877
612 721 1
709 811 1
779 315 1
833 552 1
534 98 1
43 330 5659
44 719 1
275 325 1
831 642 1
490 260 313
72 348 1
444 790 1
183 46 1
135 678 6036
482 68 1
221 127 1
447 8 1
680 451 1
331 549 1
228 474 1
90 664 1
762 342 1
153 219 6408
499 248 1
648 620 1
737 9 1
848 527 3932
2 675 1
823 67 7126
274 558 1
63 571 1
804 43 1
288 553 1
127 833 1
502 150 1
223 147 8076
404 493 1
454 693 1
156 458 1
276 530 1
459 113 1
647 691 1
330 309 6106
127 745 1
335 780 1
736 271 1
678 534 1
20 320 1
560 63 1
65 486 1
676 780 1
491 780 1
654 738 1
288 594 1
768 114 1
203 629 1
274 762 1
753 397 1
667 848 1
267 571 1
538 351 1
55 367 1
126 645 1
220 291 1
605 475 1
300 400 1
274 37 1
663 499 2669
197 711 1
232 718 1
490 694 1
274 618 1
0 525 1
826 207 1
772 126 1
673 471 10000
42 280 1
135 176 1
440 485 1
710 82 1
143 614 5112
839 170 3941
134 294 2717
523 10 1
149 316 1
571 540 1
189 322 8212
273 43 1
363 819 1
745 135 1
338 500 1
348 514 1
54 339 1
665 187 1
742 256 1
783 146 3354
749 90 1
141 750 1938
172 770 1
274 135 1
214 656 1
16 605 1
271 106 1
640 260 9921
424 192 3280
839 631 5616
307 600 1
688 848 1
552 563 1
552 156 1
466 8 1
479 124 1
434 189 1
254 780 1
293 684 1
149 733 1
553 562 1
13 633 1
274 348 1
134 696 1
757 306 1
368 609 6457
359 784 7737
653 111 1
311 255 8171
636 261 1
617 717 1
147 467 1
565 780 1
185 548 1
475 11 216
192 634 5569
826 44 1
40 499 1
814 440 1
768 714 1
6 753 1
485 190 1
139 63 1
516 748 1
143 578 10000
832 67 1
464 660 1
697 370 1
239 351 1
436 331 1
464 158 1
109 684 3829
772 806 6261
576 446 1
601 26 1
770 335 1
646 839 1
825 457 1
488 246 3830
765 334 1
270 666 1
759 220 1
704 232 1
433 655 4647
243 516 8213
491 362 9505
591 780 1
848 589 3622
293 667 1
93 792 1
582 494 3119
226 404 1
728 1 1
190 647 1
274 359 1
488 341 4610
753 437 3567
225 704 1
568 601 1
559 792 1
501 5 1
810 142 1
274 40 1
772 699 1
800 197 1
1 152 1
819 182 1
268 547 1
433 733 1
258 282 1
372 123 3466
387 338 1
412 144 2052
367 390 1
419 293 1
413 324 1
274 640 1
8 779 1
424 479 1
784 825 1906
374 435 1
189 290 1
274 127 1
274 149 1
323 444 9965
701 702 1
736 493 4222
274 32 1
660 826 1
28 648 1
801 263 2516
672 62 1
733 139 1
516 189 1
28 135 1
185 503 5173
607 840 791
486 212 1
493 769 1
102 143 10000
514 28 1
198 334 1
548 826 1
274 340 1
725 103 1
167 127 1
767 109 1
81 550 1
514 105 1
590 308 1
488 822 10000
205 464 1
238 59 1
