1000 356 326 346 69 307
244 42 3301
76 29 6399
115 258 1
43 14 4826
223 214 3122
268 171 1
290 107 1
5 350 1
242 107 257
37 208 6337
238 306 4097
26 190 3372
56 59 1
52 32 9375
332 255 4124
296 202 9051
230 232 1343
26 190 330
19 228 1
131 290 4366
296 291 775
243 268 1
342 117 1
197 138 6086
223 78 7273
158 328 4694
267 318 263
178 24 5775
76 52 911
10 79 4538
299 33 8591
107 321 7678
188 317 7272
44 261 6017
173 244 1
322 5 9496
248 104 9839
196 294 9438
85 143 8400
197 136 1
24 18 2934
306 350 5334
12 27 9081
52 203 6619
191 183 10
214 220 2699
97 42 4018
19 231 1
35 301 6890
265 144 6788
249 54 5678
288 61 9429
295 57 464
277 209 4788
78 21 6644
313 159 6190
354 212 499
339 192 870
297 140 5948
229 215 1
328 292 3073
290 43 3080
62 141 1
132 30 1
153 244 1685
295 123 4457
71 111 7521
1 58 7121
35 223 7491
65 17 6020
87 278 2346
4 165 1272
196 201 2691
196 82 1279
318 132 2564
220 322 7222
267 323 4695
297 175 8489
43 124 2580
85 216 1
298 284 8348
275 225 6119
149 158 1
92 137 1
195 209 1
291 183 8498
171 38 622
230 13 1
153 126 5094
276 59 4981
141 11 1
124 231 5891
75 257 71
181 162 2034
101 92 1
220 40 8677
295 143 1
181 290 2247
165 265 1
82 267 9592
103 246 4691
239 115 1
110 228 1
271 82 1
84 192 1
268 209 8464
335 336 9949
107 31 2056
120 323 3775
81 218 2392
245 175 1
77 95 8900
334 247 2423
103 200 1
71 127 8134
29 153 6378
150 116 1423
161 101 9890
207 306 8151
337 264 1816
76 138 9018
48 241 8604
244 73 6037
352 147 4242
264 267 6379
142 121 5244
118 292 1692
136 165 1
130 210 1
330 182 2739
3 91 8477
24 99 1
350 85 1
352 303 5505
221 107 4102
288 0 238
144 309 7076
74 345 1
284 59 1
0 283 1
243 178 5717
23 324 8467
333 112 1
82 71 5111
27 58 3730
101 248 2818
168 205 508
26 108 510
328 34 250
95 36 2602
342 308 8436
247 74 5675
77 128 6457
313 200 6738
66 203 1
137 325 1
201 159 6475
32 228 8657
178 229 1
64 271 9277
334 344 1
316 82 5183
183 270 1
278 256 6205
180 70 1416
273 71 1191
347 66 5532
11 88 5522
162 144 8777
296 299 5967
247 331 268
335 120 2313
32 12 1
220 107 7265
43 23 5488
228 159 5003
224 353 1
278 83 1
132 63 1
199 9 1
125 156 2070
11 287 9788
314 337 1
142 10 1
240 186 87
56 162 8184
168 191 4626
314 242 1
230 212 4104
52 295 1
208 281 5113
32 82 1121
35 194 862
345 278 2365
337 266 5699
109 300 6001
60 266 7028
179 331 7891
264 341 7392
253 230 1
48 248 2464
181 11 6317
334 243 3309
353 14 1
350 237 2493
26 293 4418
249 248 1
220 70 432
46 288 1
278 285 4448
183 110 2011
257 23 1375
88 188 1
143 259 3383
142 333 5260
223 43 6216
180 110 1
201 161 1
286 2 4589
193 93 3582
219 123 2875
131 271 1
29 214 2075
196 149 1
291 323 4697
345 95 5281
21 40 784
264 15 39
75 188 5285
40 3 1572
191 304 1
180 279 4159
335 110 6333
121 142 1
309 28 8252
197 61 2902
82 264 1
291 90 1
59 189 9186
69 223 6513
206 2 1
77 118 7556
175 87 921
19 335 9860
180 114 9141
197 280 1247
153 27 3756
322 258 6865
285 251 3184
70 10 4462
336 333 1
131 350 9302
9 144 1
304 274 1
275 147 1
209 144 8481
69 96 1
167 280 935
8 162 6001
19 188 410
180 145 106
99 106 9596
149 306 1658
37 201 629
295 218 9765
151 80 998
264 299 5544
271 65 4102
173 45 1132
15 206 1
12 132 1
170 291 1
7 78 8113
107 207 4346
344 118 6794
75 334 1
312 244 3387
345 251 1
82 316 4217
121 237 2381
241 313 7632
265 289 7864
178 317 3846
238 172 1
96 168 3730
214 181 7629
13 181 1
146 316 9411
246 303 8242
21 299 1
344 303 3806
288 267 5694
159 165 7328
4 125 3200
310 102 9591
69 275 2600
123 148 4408
79 113 5125
352 9 667
195 243 7949
197 125 1
224 318 1
125 187 2842
40 77 8273
100 58 3750
165 308 7751
344 314 1
210 236 2104
135 264 1815
314 72 2437
70 0 6770
63 113 9315
214 330 1
158 197 1
261 80 6639
215 161 7042
266 130 1000
238 153 1
45 243 1
148 10 439
109 43 2937
227 277 1
115 165 3790
204 278 1
346 68 1
352 182 6466
45 57 5100
221 174 595
14 81 5734
225 27 9606
99 93 3133
165 251 2889
84 179 5994
228 345 1839
143 10 5336
83 266 1
288 114 3069
209 173 1
30 299 232
130 290 5948
273 28 1
313 174 6301
298 49 808
52 296 5441
210 151 8395
206 301 1604
151 223 2028
332 353 1317
75 246 6541
92 165 1
29 242 1
12 335 90
194 4 1
257 337 9890
188 71 4888
87 46 311
212 295 1
335 277 9033
0 83 1455
192 282 6306
14 257 9482
264 75 1
112 295 4187
245 274 8409
352 220 1887
279 220 388
291 38 2959
62 169 1741
68 16 7475
18 24 4358
337 38 9967
63 73 983
157 98 5294
207 172 8800
205 32 1
35 308 3438
168 279 1
28 257 947
283 273 1
309 134 1
29 225 3187
251 239 1
105 49 1
354 300 1
70 146 3260
103 123 5717
61 102 397
219 342 4696
43 261 8629
221 0 1
109 154 535
299 165 3863
79 203 3696
351 53 8889
119 25 7149
151 300 824
157 151 4649
192 104 1
158 227 1
37 244 4196
10 238 1
10 289 8863
96 94 4013
333 12 4826
248 88 1
170 25 7945
354 152 7588
68 21 1
258 35 1
144 38 1
193 149 5668
172 18 9547
265 158 4494
143 221 4113
201 126 1649
275 194 1207
105 21 2037
156 67 2844
330 221 5396
327 238 4444
37 55 766
256 235 9078
12 44 3926
65 130 3345
148 307 1
251 310 1588
192 290 1
61 87 9816
111 63 3018
342 1 9804
32 317 8411
264 158 9411
240 270 1610
143 297 9059
228 241 3523
85 84 2504
318 322 1
78 35 459
153 321 6366
326 69 10000
248 169 1135
353 216 6440
199 281 7730
322 119 1
261 309 9467
199 286 764
5 79 7009
151 149 21
144 64 9802
21 224 1995
148 300 6880
38 35 1
193 340 1
335 355 6984
150 311 8716
105 172 1518
164 337 382
343 104 1
167 157 8540
144 41 1
353 263 1
323 267 9009
153 354 1
137 352 3604
221 208 8935
190 249 3493
90 325 1
310 75 1
256 214 1
165 15 1
63 53 4936
335 69 7974
207 335 522
210 95 4031
45 109 6937
212 217 7359
199 5 7233
37 91 4502
256 16 2353
341 2 4291
274 336 1
243 242 8398
65 82 4562
299 192 1
147 308 1276
283 285 8955
103 321 3449
335 201 1
28 333 1
167 218 8402
201 229 4275
79 290 1
119 19 1
41 343 1
279 37 1
219 82 5652
35 61 1
309 223 3972
248 143 8005
47 175 5185
30 183 1
247 66 1
18 210 2331
2 194 1
11 317 942
108 312 1474
333 334 4579
53 24 4238
3 1 725
333 247 1
0 167 1
124 156 1
295 265 7451
242 335 1
91 351 3085
109 179 4979
149 49 4689
335 77 199
325 342 1
335 203 3969
260 214 2502
164 83 2689
40 182 5938
311 178 6599
277 149 5657
275 221 1
65 55 5771
69 306 5029
288 161 9136
37 123 7301
156 5 1
275 171 3307
275 226 2312
146 279 3177
244 13 1
245 237 3250
68 288 5793
314 93 2677
125 156 6037
251 62 6450
352 181 4611
37 87 1
215 162 259
178 32 4972
138 13 8010
11 218 3313
0 347 4222
244 115 817
139 168 1
0 173 1705
290 277 1
105 353 1
310 324 655
312 286 3434
317 219 1
37 300 1066
32 223 2970
299 146 5644
79 322 1503
117 131 1
87 289 4177
345 142 1
200 180 9532
265 345 1
174 7 2862
181 131 1
332 313 1
73 228 4601
80 37 1
181 77 9591
52 121 1
336 211 4779
102 39 1771
127 288 8620
72 295 4764
354 317 1
149 317 2014
80 109 5368
130 338 6205
225 345 46
190 144 1
195 76 2251
15 163 1131
156 179 6542
207 68 1
288 107 7704
161 182 8327
142 23 9671
167 344 4802
298 301 3052
82 41 9796
43 62 1
180 265 4539
142 0 1
241 163 828
126 242 4390
129 199 4310
295 24 1
144 10 6620
100 56 5852
292 14 8502
317 41 9151
224 301 7600
181 353 8182
38 340 2163
309 8 6095
200 275 1
87 275 2571
192 209 1718
63 247 7262
71 149 8857
84 333 5190
99 60 8599
228 323 1484
45 43 3418
112 130 1
263 312 1
312 55 1
70 140 1
72 54 7024
253 19 2598
69 10 9172
224 131 5998
6 144 9804
60 28 204
35 307 1
25 339 2759
82 167 7557
65 191 1
39 287 5790
317 267 1487
259 50 9108
320 344 5910
192 133 9666
216 267 1
29 224 1556
309 125 9370
14 53 2441
233 194 5129
87 26 1
258 3 9958
131 352 8996
143 63 9217
30 215 2381
201 290 9180
342 65 579
209 7 2346
79 311 1483
106 90 4750
277 46 2660
265 42 8548
258 318 5140
246 129 2378
52 262 5461
63 227 5454
300 109 3903
97 253 1
264 104 2747
287 299 4847
99 252 7870
244 220 9450
293 146 1
172 162 4646
40 118 3799
219 150 1202
199 235 5827
180 113 4130
191 244 5234
167 325 4913
23 154 9333
0 300 5169
68 4 2977
95 237 7158
131 275 1
228 354 1
138 348 8003
66 86 8607
69 114 4138
111 65 1
2 103 640
336 5 7921
77 51 5709
7 41 4483
273 28 9351
80 253 4032
38 35 7766
26 256 1
203 132 1
212 145 5444
93 224 1
277 77 1
291 202 6499
207 287 1444
245 321 4667
204 226 1572
220 158 8280
167 164 1810
317 52 985
35 188 1734
335 196 1
298 207 1
104 332 6837
335 52 8349
325 310 3951
66 150 9167
92 241 8955
295 202 4481
340 11 1471
230 54 2721
37 338 6626
39 304 2557
46 331 5738
32 20 3223
46 336 9627
63 173 5981
52 239 5063
28 258 5674
75 103 1
209 99 2865
200 276 5572
225 211 5153
114 193 215
143 234 3064
101 310 8379
325 135 1
72 152 611
49 332 1
310 210 3749
65 60 5914
125 210 2308
63 169 3899
12 19 1
200 190 1
56 181 1374
248 276 5332
180 37 8025
114 121 5061
151 105 1
72 209 7893
153 133 2209
161 157 5716
288 29 1
59 224 2999
104 310 1
173 293 9109
333 78 6658
125 214 7018
70 6 4471
97 158 86
54 246 6933
172 352 3704
110 238 2653
63 77 1
59 162 3191
52 226 1839
342 118 2032
343 172 5173
180 257 8927
108 27 7803
295 253 9500
170 87 367
332 210 7036
308 191 692
278 120 9706
8 2 4203
202 201 5659
221 26 3458
273 39 3083
162 117 1330
209 257 6518
30 309 1467
52 298 6815
128 30 3793
167 16 5321
278 48 3697
187 315 2175
317 287 4653
146 84 1
210 275 8352
7 327 333
275 157 26
314 132 7387
264 154 3438
228 128 6027
318 351 9908
99 233 1
143 81 6217
332 243 680
37 6 1
350 203 8355
188 126 1
132 129 5653
77 231 6397
135 339 1
35 207 5529
12 220 2987
262 272 9218
18 75 7413
288 330 2086
207 23 7382
210 297 1
181 167 1
134 191 1
68 188 1
270 74 1
337 285 4338
111 133 6924
231 288 1
171 150 9893
73 105 8409
203 47 5504
93 2 5554
275 59 5115
266 178 1
143 163 2612
117 2 464
310 253 4384
296 153 8213
6 180 1
323 69 5413
246 138 1266
13 101 1
224 230 6679
313 114 224
92 3 8767
4 264 1
202 122 4890
96 97 1
341 52 1
6 95 6086
191 22 379
121 106 4901
107 241 1
196 293 1
221 195 5747
240 296 3876
292 108 6143
29 197 1
192 73 4352
79 343 305
277 122 8224
337 195 1
30 129 3840
11 341 7742
77 52 1
242 238 1
125 200 1
81 111 1
21 106 5816
297 109 1
60 306 6725
183 132 2768
9 149 5957
197 126 5080
191 30 1834
10 272 811
145 120 9036
190 172 3434
202 309 892
87 221 9615
132 84 7195
258 86 5092
237 199 1
7 80 5541
260 209 1557
151 257 1148
219 46 1
2 163 2175
249 342 648
77 93 1
147 341 1
61 26 1
140 139 1
35 263 823
104 87 1635
72 81 1
130 278 7270
310 179 7422
191 196 1
14 309 1
172 238 7194
27 328 4358
282 12 1396
347 113 5711
226 95 3322
277 170 1
272 287 4824
324 54 3048
70 204 1
275 21 5213
282 240 765
175 108 1
195 212 1
188 224 1
296 205 1
317 127 7515
56 8 8575
134 339 9423
119 299 7368
69 117 4109
78 21 2113
335 348 3317
53 250 9819
32 282 2189
210 315 7043
304 165 8703
301 35 4939
288 92 1
273 81 9404
32 284 1
241 124 1
277 245 8950
87 172 7722
90 167 3466
126 193 1
28 296 1
104 335 1
35 256 6120
21 17 2570
334 112 6852
229 310 6692
143 291 7176
233 151 1
38 60 2936
332 101 5370
29 46 5932
139 242 7807
270 280 3465
10 178 2182
191 40 6551
353 277 5020
247 29 1
308 53 2266
161 56 1
299 150 4873
330 153 1
178 219 4942
209 245 7027
59 245 1
228 158 1
9 324 7062
129 17 1664
143 70 1
171 148 1
144 132 8250
172 105 1
262 300 1825
110 195 9275
11 45 1
93 338 8309
181 322 3144
196 262 502
355 187 9908
310 52 4567
120 175 6194
299 256 6333
142 128 7824
267 80 1
181 100 8302
55 43 1
214 18 1717
300 160 1
313 298 1
132 320 2344
215 72 1
264 314 1
18 237 1
59 286 1
188 227 1475
192 115 3552
221 59 8800
195 282 6151
153 195 1
108 249 1
26 79 1
193 128 1899
38 139 5037
109 28 1
160 18 1
181 264 3818
16 187 6522
76 123 4229
264 230 8238
167 70 1
274 75 9762
103 151 2910
257 300 6409
108 105 9526
340 181 1
333 257 1761
97 238 9708
322 244 3529
339 247 1
62 130 8660
251 91 2706
167 32 1
12 261 8085
300 92 8325
286 260 4267
286 12 1
