250 5 65 115 126
73 87 1
55 86 1
115 88 35
115 8 52
39 119 1
107 72 89
115 49 7
115 11 87
115 117 4
107 9 60
80 121 1
107 7 8
107 45 47
107 73 72
115 80 3
115 46 99
107 57 94
107 78 7
115 113 73
115 124 55
107 48 79
107 103 15
115 107 69
115 85 66
90 28 1
115 125 93
115 108 22
115 11 16
115 94 87
34 68 1
107 52 88
107 108 23
115 68 77
49 112 1
107 35 81
91 38 1
115 44 31
107 85 94
51 6 1
83 121 1
32 55 1
87 101 1
97 126 1
107 89 9
131 42 1
42 126 1
115 103 19
107 123 59
115 29 45
31 117 1
8 129 1
107 125 32
107 35 10
107 81 41
107 83 26
115 17 15
57 48 1
80 102 1
107 49 30
115 81 100
107 132 46
66 110 1
115 71 71
107 80 81
112 51 1
115 86 69
107 80 26
96 27 1
38 66 1
58 56 1
72 8 1
115 97 44
115 104 59
87 80 1
107 116 77
68 88 1
115 21 24
117 131 1
107 117 39
115 6 51
115 47 52
107 57 82
88 114 1
98 49 1
40 88 1
115 98 70
115 29 22
115 113 15
115 3 76
3 96 1
115 103 78
115 105 75
107 15 82
92 3 1
107 42 66
23 60 1
115 111 100
107 113 62
115 49 61
100 118 1
107 37 88
115 69 39
115 49 70
107 117 87
107 101 5
115 99 83
107 75 26
107 91 22
115 79 59
115 18 82
102 41 1
107 132 96
107 6 54
107 126 34
115 102 17
107 112 81
107 119 59
107 42 68
119 90 1
115 123 67
41 97 1
107 22 71
115 6 37
107 114 56
115 112 76
115 73 2
118 58 1
107 58 12
115 4 49
107 78 45
107 87 26
107 60 18
115 96 40
107 33 31
115 47 65
107 79 62
115 4 15
107 73 39
115 34 37
107 30 13
107 19 13
107 12 29
96 106 1
18 40 1
109 106 1
115 64 65
47 72 1
27 57 1
115 84 77
115 120 9
115 68 99
115 43 54
115 18 34
107 127 12
107 43 64
6 23 1
114 15 1
56 98 1
88 100 1
115 10 41
115 77 40
107 10 12
107 101 96
106 34 1
115 116 7
107 19 63
107 101 50
115 89 32
107 49 52
115 13 3
115 93 87
107 4 29
107 86 80
115 83 31
107 90 71
107 12 60
110 109 1
115 111 74
15 73 1
107 84 27
115 78 16
107 93 94
115 26 42
28 18 1
107 34 17
129 76 1
115 7 47
115 72 82
121 91 1
107 51 51
107 133 35
107 116 28
107 59 70
115 94 97
107 101 73
107 125 40
115 129 9
94 92 1
115 34 64
107 24 91
115 35 29
107 47 1
107 109 7
115 33 50
115 92 99
115 90 47
115 98 94
115 128 40
115 107 17
107 89 28
107 57 5
107 86 75
106 96 1
107 123 5
107 101 2
115 48 4
76 53 1
115 16 70
5 115 10000
115 128 3
115 13 25
114 39 1
70 47 1
107 45 52
115 80 54
107 56 61
115 57 98
115 105 62
107 57 90
107 66 38
86 83 1
115 4 7
53 80 1
107 105 63
65 16 1
115 41 44
107 75 4
115 33 6
101 114 1
60 70 1
34 87 1
16 38 1
107 50 41
107 13 74
107 126 76
115 131 10
107 64 3
38 31 1
121 34 1
48 32 1
