250 42 17 12 71
12 110 2485
12 54 2584
12 159 4455
12 116 439
170 8 1
141 158 5141
141 69 234
12 179 8216
12 184 8548
141 72 6148
141 74 1224
12 144 5998
12 192 2209
12 24 331
141 125 9494
12 129 7220
12 113 1516
141 43 5175
141 21 8683
116 43 1
10 170 1
68 29 10000
141 190 6835
141 140 6468
141 153 3551
80 41 1
12 64 5763
141 134 8413
12 57 5660
141 169 4954
141 27 6246
153 86 10000
141 109 1867
40 54 1
79 20 1
141 18 4940
12 71 7208
88 68 10000
22 65 10000
141 21 472
12 123 6535
141 118 60
12 191 89
12 75 643
108 48 1
184 87 1
14 61 1
131 165 1
54 13 1
141 28 2356
12 41 3029
136 139 1
114 94 10000
12 112 2717
12 36 3564
12 193 6955
141 66 2431
141 53 6577
160 174 10000
81 71 10000
174 101 1
141 23 1542
141 16 7241
12 90 9569
12 162 8145
12 102 2999
12 167 6838
12 133 3523
65 116 1
15 4 1
141 39 9406
87 174 1
12 141 5608
12 58 9219
134 193 10000
141 69 1600
86 190 10000
169 127 10000
24 79 1
132 3 1
141 145 9942
12 30 8889
141 179 7268
12 70 3525
65 88 10000
12 119 3097
12 62 9680
12 43 8117
141 119 3965
13 14 1
52 91 10000
5 21 1
78 65 1
141 16 5504
141 16 4665
12 8 2792
141 131 3920
174 185 10000
4 70 10000
47 108 1
141 18 4766
114 78 1
13 4 10000
141 8 9182
12 130 7785
141 137 8411
157 114 1
12 31 2513
141 112 9602
12 56 5203
9 108 10000
141 183 1306
12 133 9434
141 5 5101
12 28 1477
164 27 1
12 66 3837
12 44 5341
41 110 1
27 119 1
141 67 8450
141 125 8403
141 73 5824
12 138 7700
12 115 2213
12 71 2277
141 4 5843
12 48 7654
141 149 19
141 175 1551
48 38 1
141 105 7988
12 95 5215
29 192 10000
38 132 1
129 53 10000
59 104 1
167 71 1
165 44 1
141 44 1406
12 41 6976
163 149 1
17 5 1
173 163 1
91 13 10000
3 184 1
141 60 5270
141 107 6019
141 37 7501
12 89 9444
141 80 3106
141 170 8439
141 104 3527
12 172 5784
138 40 1
94 59 10000
12 145 647
12 22 1888
97 175 10000
12 94 379
141 45 2028
185 59 1
12 8 3402
12 80 7534
190 138 10000
108 120 10000
12 189 488
127 9 10000
12 98 7524
141 115 2819
12 170 8175
138 160 10000
12 126 285
12 154 8459
141 119 9086
42 12 10000
8 164 1
101 173 1
59 97 10000
139 131 1
141 159 6370
20 193 1
140 31 1
12 70 1421
141 124 725
141 133 9670
12 185 9389
141 56 5533
185 22 10000
130 10 1
175 129 10000
141 62 6092
12 33 1277
43 167 1
12 71 7817
141 90 2474
141 3 8785
12 170 3073
12 52 10000
12 138 6314
12 152 5776
141 130 8108
120 114 10000
12 100 8383
12 43 8102
61 185 1
141 8 2038
193 47 1
12 131 4096
12 153 3254
104 80 1
193 169 10000
12 152 7911
141 15 5460
12 191 6707
44 157 1
141 85 6208
141 130 4373
53 81 10000
12 176 3783
141 135 7606
141 154 5032
21 24 1
141 60 4995
12 88 7398
141 124 2999
149 138 1
141 115 3399
12 181 7638
141 37 4364
12 156 125
141 95 1843
141 30 8288
12 105 7133
12 115 4941
141 77 6243
70 153 10000
110 140 1
4 128 1
128 130 1
5 134 10000
119 136 1
141 96 6329
12 153 6938
141 77 1166
192 5 10000
12 134 963
12 36 1505
31 15 1
141 25 5158
