250 47 118 161 51
13 39 8507
118 32 8072
99 173 2093
162 13 1902
4 112 8574
161 84 9523
4 103 3595
4 72 5066
4 158 6191
4 104 1870
161 18 6124
55 25 747
4 135 3526
161 31 5795
4 12 8880
4 185 4906
107 29 9664
184 42 6301
161 92 6402
119 36 3372
98 117 3045
65 50 6355
4 161 5213
161 68 2100
40 154 3777
4 164 648
4 105 1654
48 17 5713
4 50 5611
163 78 2387
75 69 286
123 178 2741
47 161 633
87 73 8295
4 3 3711
161 5 555
161 29 5534
64 40 4417
178 89 83
4 77 6250
161 56 1390
4 161 2134
161 43 5963
73 66 5608
186 85 3564
98 51 5610
4 123 3529
4 172 6405
111 48 315
161 21 8705
4 127 4002
4 173 860
4 158 5521
161 57 9928
161 90 302
58 124 4398
4 13 7507
4 154 3025
152 110 127
117 84 9976
164 119 615
4 154 383
136 106 3040
161 82 5237
156 117 4165
4 78 9366
161 50 2450
161 134 6022
105 144 4364
17 24 6441
138 87 2089
45 176 8698
167 123 9418
50 6 3581
4 11 3253
4 165 733
161 185 945
146 35 1168
161 35 3175
32 169 5104
170 41 5709
78 23 5677
93 51 5467
67 95 7745
4 139 61
106 49 2480
4 55 7417
23 30 8622
29 184 9852
142 68 8981
4 55 9406
128 15 4211
78 142 2863
4 151 41
24 51 6984
25 110 1291
63 55 1849
161 105 8068
85 54 8286
179 63 5730
36 134 7265
161 146 4850
68 186 5822
161 37 8726
10 138 1051
161 11 763
4 136 1714
54 162 4808
161 92 159
4 14 7091
41 114 5832
154 10 186
95 145 6877
124 162 7280
100 64 7424
161 125 7493
4 14 2435
161 10 9285
69 167 6945
4 29 1023
4 153 5241
183 158 1367
4 180 8392
161 171 7304
161 83 7847
4 20 8293
4 63 9823
4 7 3744
4 71 8067
162 159 9852
52 103 5839
161 88 344
4 79 2494
4 16 5379
4 59 2653
169 179 8950
161 49 9279
133 69 3787
4 80 5327
161 138 430
117 183 8639
38 163 6203
161 46 6244
155 78 7594
161 138 5680
4 142 8102
145 133 6624
154 152 8658
156 106 4228
4 106 2483
51 32 7669
159 186 2931
4 127 6337
142 182 6733
73 67 6660
134 63 9942
161 51 5141
4 11 2562
161 185 8238
4 140 6026
161 120 7428
106 155 8211
5 136 9964
4 119 3782
35 159 7454
161 23 3477
161 185 9824
182 128 666
161 152 6767
158 98 1586
4 126 8617
161 107 3928
4 61 2883
161 109 8275
159 25 9014
173 98 99
4 57 1018
66 65 7700
32 73 1980
39 107 6163
161 3 2461
161 123 7383
7 5 8936
15 79 4502
166 154 5285
161 60 1637
4 160 5533
161 98 8766
45 173 947
172 99 6807
176 172 241
25 156 7474
4 23 1482
161 171 2700
161 119 2510
114 75 3748
4 23 8737
173 165 2818
132 156 9754
161 43 995
110 38 6512
72 93 1643
6 58 4273
109 164 872
42 167 4256
84 164 4963
161 150 1386
164 100 9732
161 160 7779
4 141 8640
93 109 166
4 89 572
4 136 1651
161 74 4219
4 130 2148
69 111 8626
161 172 9922
161 169 2943
4 124 6555
161 29 8497
161 4 9828
161 54 362
79 72 1681
161 90 7384
186 7 9253
167 166 1098
49 45 7398
153 170 8706
144 45 9153
161 76 3718
63 93 8755
4 147 7151
161 132 4967
4 147 4518
161 77 2453
103 105 2248
165 142 3033
161 7 2266
161 15 4647
161 143 7511
161 16 3062
4 37 1451
4 23 1223
161 9 240
161 20 1955
110 52 8851
161 113 5337
161 150 6915
30 4 4643
89 132 9994
