125 62 76 85 59
84 70 481
94 59 395
66 47 729
66 61 172
64 55 642
66 6 331
100 80 704
85 67 822
86 46 148
83 48 615
82 44 448
46 20 501
66 4 461
85 89 406
66 64 640
37 101 700
66 102 477
66 69 565
48 104 960
80 64 502
85 102 594
85 44 760
66 92 548
85 43 761
66 85 399
66 14 58
66 52 652
85 38 905
85 95 63
66 102 564
85 30 580
85 26 692
66 84 839
85 42 228
66 16 759
13 37 614
85 56 281
52 99 443
96 59 913
66 6 504
85 104 287
89 16 79
85 52 432
85 13 904
66 91 931
104 4 615
66 52 174
85 18 674
70 82 903
85 64 790
85 89 69
66 79 584
66 71 882
85 86 610
85 79 214
85 36 502
85 3 32
44 105 447
66 47 442
22 45 465
85 37 226
85 66 500
48 63 604
66 32 862
85 54 208
106 88 747
66 16 182
43 22 445
15 94 840
66 23 499
56 97 329
62 85 935
66 54 248
66 93 917
66 4 174
59 90 559
85 36 296
88 96 705
12 48 513
20 56 173
85 103 804
85 13 245
66 29 733
85 18 735
85 58 991
85 68 46
40 84 16
85 48 235
55 86 724
85 21 346
99 15 909
16 40 626
66 24 330
66 84 424
85 32 19
4 106 503
85 57 277
85 72 427
85 88 530
85 9 810
63 100 765
66 47 606
105 43 103
85 72 274
97 59 469
85 79 170
66 34 599
85 46 48
66 63 623
85 79 545
101 72 310
85 43 652
76 12 179
66 80 349
85 68 425
66 84 929
66 94 677
72 89 658
90 52 793
85 22 803
45 83 151
85 87 725
85 55 427
66 47 519
85 7 808
